0.0000 0.0000 0.0000 0.0000 0.0025 0.0000 0.0016 0.0050 0.0095 0.0000 0.0000 0.0000 0.0000 0.0006 0.0005 0.0000 0.0025 0.0009 0.0005 0.0007 0.0004 0.0006 0.0009 0.0007 0.0000 0.4646 0.0008 0.0000 0.0000 0.0000 0.0001 0.0409 0.0094 0.0258 0.0003 0.0002 0.0002 0.2795 0.0001 0.1510 0.0000 0.0000 0.0000 0.0000 0.0000 0.0000 0.0000 0.0000 0.0000 0.0000
0.0000 0.0000 0.0000 0.0000 0.0022 0.0000 0.0013 0.0037 0.0081 0.0000 0.0000 0.0000 0.0000 0.0003 0.0002 0.0000 0.0015 0.0006 0.0003 0.0005 0.0002 0.0004 0.0006 0.0004 0.0000 0.4817 0.0004 0.0000 0.0000 0.0000 0.0001 0.0261 0.0059 0.0220 0.0002 0.0002 0.0002 0.2968 0.0001 0.1461 0.0000 0.0000 0.0000 0.0000 0.0000 0.0000 0.0000 0.0000 0.0000 0.0000
0.0000 0.0000 0.0000 0.0000 0.0031 0.0000 0.0009 0.0079 0.0565 0.0000 0.0000 0.0000 0.0000 0.0013 0.0005 0.0000 0.0017 0.0001 0.0000 0.0000 0.0001 0.0000 0.0003 0.0002 0.0000 0.4149 0.0001 0.0000 0.0000 0.0000 0.0001 0.0165 0.0030 0.0133 0.0002 0.0003 0.0001 0.3080 0.0001 0.1706 0.0000 0.0000 0.0000 0.0000 0.0000 0.0000 0.0000 0.0000 0.0000 0.0000
0.0000 0.0000 0.0000 0.0000 0.0026 0.0000 0.0008 0.0111 0.0463 0.0000 0.0000 0.0000 0.0000 0.0011 0.0004 0.0000 0.0015 0.0001 0.0000 0.0000 0.0001 0.0000 0.0002 0.0001 0.0000 0.5582 0.0002 0.0000 0.0000 0.0000 0.0001 0.0134 0.0025 0.0108 0.0002 0.0003 0.0001 0.2362 0.0001 0.1134 0.0000 0.0000 0.0000 0.0000 0.0000 0.0000 0.0000 0.0000 0.0000 0.0000
0.0000 0.0000 0.0000 0.0000 0.0010 0.0000 0.0006 0.0013 0.0031 0.0000 0.0000 0.0000 0.0000 0.0001 0.0001 0.0000 0.0005 0.0002 0.0001 0.0002 0.0001 0.0002 0.0002 0.0001 0.0000 0.2917 0.0001 0.0000 0.0000 0.0000 0.0000 0.0221 0.0048 0.0229 0.0001 0.0001 0.0002 0.4509 0.0000 0.1992 0.0000 0.0000 0.0000 0.0000 0.0000 0.0000 0.0000 0.0000 0.0000 0.0000
0.0000 0.0000 0.0000 0.0000 0.0039 0.0000 0.0011 0.0132 0.0478 0.0000 0.0000 0.0000 0.0000 0.0012 0.0005 0.0000 0.0016 0.0001 0.0000 0.0000 0.0001 0.0001 0.0003 0.0002 0.0000 0.5394 0.0003 0.0000 0.0001 0.0000 0.0001 0.0158 0.0033 0.0128 0.0003 0.0004 0.0002 0.2377 0.0001 0.1193 0.0000 0.0000 0.0000 0.0000 0.0000 0.0000 0.0000 0.0001 0.0000 0.0000
0.0000 0.0000 0.0000 0.0000 0.0006 0.0000 0.0005 0.0027 0.0013 0.0000 0.0000 0.0000 0.0000 0.0001 0.0001 0.0000 0.0005 0.0004 0.0002 0.0003 0.0001 0.0002 0.0002 0.0002 0.0000 0.6284 0.0008 0.0000 0.0000 0.0000 0.0000 0.0305 0.0065 0.0187 0.0001 0.0001 0.0001 0.2252 0.0000 0.0821 0.0000 0.0000 0.0000 0.0000 0.0000 0.0000 0.0000 0.0000 0.0000 0.0000
0.0000 0.0001 0.0000 0.0000 0.0154 0.0000 0.0035 0.0010 0.0730 0.0001 0.0000 0.0000 0.0000 0.0042 0.0024 0.0000 0.0019 0.0016 0.0016 0.0038 0.0012 0.0035 0.0013 0.0030 0.0000 0.0091 0.0001 0.0000 0.0001 0.0000 0.0002 0.0227 0.0084 0.0306 0.0048 0.0024 0.0007 0.3065 0.0009 0.4932 0.0000 0.0002 0.0000 0.0000 0.0001 0.0000 0.0000 0.0024 0.0000 0.0001
0.0000 0.0000 0.0000 0.0000 0.0091 0.0000 0.0017 0.0018 0.0580 0.0000 0.0000 0.0000 0.0000 0.0009 0.0003 0.0000 0.0007 0.0003 0.0002 0.0004 0.0002 0.0005 0.0004 0.0005 0.0000 0.0432 0.0000 0.0000 0.0000 0.0000 0.0001 0.0110 0.0035 0.0232 0.0018 0.0012 0.0006 0.4316 0.0007 0.4059 0.0000 0.0000 0.0000 0.0000 0.0000 0.0000 0.0000 0.0021 0.0000 0.0000
0.0000 0.0000 0.0000 0.0000 0.0007 0.0000 0.0003 0.0041 0.0058 0.0000 0.0000 0.0000 0.0000 0.0001 0.0001 0.0000 0.0004 0.0001 0.0000 0.0000 0.0000 0.0000 0.0001 0.0001 0.0000 0.6598 0.0002 0.0000 0.0000 0.0000 0.0000 0.0134 0.0024 0.0099 0.0000 0.0001 0.0001 0.2188 0.0000 0.0835 0.0000 0.0000 0.0000 0.0000 0.0000 0.0000 0.0000 0.0000 0.0000 0.0000
0.0000 0.0000 0.0000 0.0000 0.0014 0.0000 0.0003 0.0102 0.0300 0.0000 0.0000 0.0000 0.0000 0.0005 0.0002 0.0000 0.0006 0.0000 0.0000 0.0000 0.0000 0.0000 0.0001 0.0001 0.0000 0.6643 0.0001 0.0000 0.0000 0.0000 0.0000 0.0092 0.0016 0.0072 0.0001 0.0002 0.0000 0.1914 0.0000 0.0825 0.0000 0.0000 0.0000 0.0000 0.0000 0.0000 0.0000 0.0000 0.0000 0.0000
0.0000 0.0000 0.0000 0.0000 0.0017 0.0000 0.0003 0.0150 0.1022 0.0000 0.0000 0.0000 0.0000 0.0012 0.0002 0.0000 0.0006 0.0000 0.0000 0.0000 0.0000 0.0000 0.0001 0.0000 0.0000 0.5596 0.0000 0.0000 0.0000 0.0000 0.0000 0.0064 0.0010 0.0054 0.0001 0.0003 0.0000 0.2083 0.0000 0.0976 0.0000 0.0000 0.0000 0.0000 0.0000 0.0000 0.0000 0.0000 0.0000 0.0000
0.0000 0.0000 0.0000 0.0000 0.0021 0.0000 0.0003 0.0192 0.0896 0.0000 0.0000 0.0000 0.0000 0.0011 0.0002 0.0000 0.0006 0.0000 0.0000 0.0000 0.0000 0.0000 0.0001 0.0000 0.0000 0.6094 0.0001 0.0000 0.0000 0.0000 0.0000 0.0066 0.0011 0.0057 0.0001 0.0003 0.0000 0.1801 0.0001 0.0830 0.0000 0.0000 0.0000 0.0000 0.0000 0.0000 0.0000 0.0001 0.0000 0.0000
0.0000 0.0000 0.0000 0.0000 0.0081 0.0000 0.0009 0.0081 0.1301 0.0000 0.0000 0.0000 0.0000 0.0012 0.0002 0.0000 0.0005 0.0001 0.0000 0.0000 0.0000 0.0000 0.0001 0.0001 0.0000 0.1876 0.0001 0.0000 0.0000 0.0000 0.0000 0.0079 0.0018 0.0129 0.0006 0.0009 0.0003 0.3853 0.0004 0.2510 0.0000 0.0000 0.0000 0.0000 0.0000 0.0000 0.0000 0.0014 0.0000 0.0000
0.0000 0.0001 0.0000 0.0000 0.0066 0.0000 0.0037 0.0027 0.0145 0.0000 0.0000 0.0000 0.0000 0.0008 0.0006 0.0000 0.0025 0.0025 0.0020 0.0038 0.0008 0.0029 0.0016 0.0016 0.0001 0.1440 0.0006 0.0000 0.0001 0.0000 0.0003 0.0371 0.0133 0.0474 0.0015 0.0009 0.0013 0.3969 0.0006 0.3079 0.0000 0.0000 0.0000 0.0000 0.0001 0.0000 0.0000 0.0011 0.0000 0.0000
0.0000 0.0000 0.0000 0.0000 0.0037 0.0000 0.0003 0.0347 0.2947 0.0000 0.0000 0.0000 0.0000 0.0027 0.0004 0.0000 0.0004 0.0000 0.0000 0.0000 0.0000 0.0000 0.0000 0.0000 0.0000 0.4165 0.0001 0.0000 0.0000 0.0000 0.0000 0.0048 0.0008 0.0042 0.0002 0.0006 0.0000 0.1548 0.0001 0.0807 0.0000 0.0000 0.0000 0.0000 0.0000 0.0000 0.0000 0.0001 0.0000 0.0000
0.0000 0.0000 0.0000 0.0000 0.0006 0.0000 0.0002 0.0060 0.0039 0.0000 0.0000 0.0000 0.0000 0.0001 0.0000 0.0000 0.0002 0.0001 0.0000 0.0000 0.0000 0.0000 0.0001 0.0001 0.0000 0.7639 0.0003 0.0000 0.0000 0.0000 0.0000 0.0110 0.0022 0.0088 0.0000 0.0001 0.0001 0.1503 0.0000 0.0518 0.0000 0.0000 0.0000 0.0000 0.0000 0.0000 0.0000 0.0000 0.0000 0.0000
0.0003 0.0004 0.0001 0.0001 0.0019 0.0003 0.0078 0.0006 0.0013 0.0003 0.0001 0.0000 0.0002 0.0005 0.0012 0.0004 0.0106 0.0260 0.0372 0.0758 0.0054 0.0364 0.0138 0.0074 0.0012 0.0603 0.0017 0.0001 0.0001 0.0000 0.0026 0.0849 0.0541 0.1054 0.0036 0.0009 0.0045 0.2302 0.0009 0.2195 0.0006 0.0003 0.0001 0.0000 0.0006 0.0001 0.0000 0.0003 0.0001 0.0000
0.0004 0.0002 0.0001 0.0001 0.0007 0.0002 0.0054 0.0004 0.0002 0.0002 0.0001 0.0001 0.0002 0.0001 0.0006 0.0004 0.0090 0.0403 0.0688 0.1432 0.0049 0.0503 0.0140 0.0059 0.0011 0.0893 0.0032 0.0001 0.0001 0.0000 0.0023 0.1030 0.0644 0.0983 0.0013 0.0003 0.0032 0.1623 0.0003 0.1236 0.0004 0.0001 0.0001 0.0000 0.0004 0.0001 0.0000 0.0001 0.0001 0.0000
0.0009 0.0004 0.0002 0.0003 0.0006 0.0005 0.0064 0.0003 0.0001 0.0004 0.0002 0.0002 0.0005 0.0001 0.0007 0.0011 0.0125 0.0677 0.1280 0.2594 0.0084 0.0897 0.0228 0.0084 0.0024 0.0481 0.0036 0.0002 0.0001 0.0000 0.0036 0.0686 0.0528 0.0686 0.0015 0.0003 0.0039 0.0729 0.0004 0.0604 0.0010 0.0002 0.0002 0.0001 0.0007 0.0002 0.0000 0.0001 0.0002 0.0000
0.0000 0.0000 0.0000 0.0000 0.0005 0.0000 0.0003 0.0037 0.0037 0.0000 0.0000 0.0000 0.0000 0.0001 0.0001 0.0000 0.0005 0.0001 0.0000 0.0000 0.0000 0.0000 0.0001 0.0001 0.0000 0.7397 0.0002 0.0000 0.0000 0.0000 0.0000 0.0131 0.0025 0.0096 0.0000 0.0001 0.0001 0.1639 0.0000 0.0615 0.0000 0.0000 0.0000 0.0000 0.0000 0.0000 0.0000 0.0000 0.0000 0.0000
0.0009 0.0008 0.0002 0.0003 0.0019 0.0007 0.0124 0.0007 0.0010 0.0007 0.0003 0.0002 0.0006 0.0008 0.0021 0.0013 0.0277 0.0537 0.0804 0.1480 0.0139 0.0626 0.0334 0.0109 0.0029 0.0553 0.0026 0.0003 0.0002 0.0000 0.0051 0.0764 0.0546 0.0854 0.0039 0.0008 0.0053 0.1269 0.0009 0.1205 0.0010 0.0004 0.0003 0.0001 0.0009 0.0002 0.0000 0.0002 0.0002 0.0000
0.0000 0.0000 0.0000 0.0000 0.0008 0.0000 0.0005 0.0081 0.0040 0.0000 0.0000 0.0000 0.0000 0.0002 0.0001 0.0000 0.0008 0.0001 0.0001 0.0001 0.0001 0.0001 0.0002 0.0001 0.0000 0.7942 0.0007 0.0000 0.0000 0.0000 0.0001 0.0154 0.0035 0.0101 0.0001 0.0001 0.0001 0.1179 0.0000 0.0426 0.0000 0.0000 0.0000 0.0000 0.0000 0.0000 0.0000 0.0000 0.0000 0.0000
0.0019 0.0015 0.0006 0.0010 0.0046 0.0017 0.0188 0.0013 0.0022 0.0016 0.0007 0.0006 0.0014 0.0014 0.0031 0.0030 0.0291 0.0621 0.0917 0.1591 0.0180 0.0776 0.0366 0.0145 0.0056 0.0465 0.0036 0.0008 0.0005 0.0002 0.0063 0.0540 0.0434 0.0715 0.0065 0.0018 0.0095 0.1027 0.0022 0.0992 0.0029 0.0012 0.0010 0.0005 0.0028 0.0009 0.0002 0.0012 0.0009 0.0002
0.0000 0.0000 0.0000 0.0000 0.0018 0.0000 0.0004 0.0233 0.0521 0.0000 0.0000 0.0000 0.0000 0.0012 0.0004 0.0000 0.0009 0.0000 0.0000 0.0000 0.0000 0.0000 0.0001 0.0001 0.0000 0.6679 0.0002 0.0000 0.0000 0.0000 0.0000 0.0098 0.0019 0.0075 0.0001 0.0004 0.0001 0.1608 0.0001 0.0706 0.0000 0.0000 0.0000 0.0000 0.0000 0.0000 0.0000 0.0000 0.0000 0.0000
0.0017 0.0019 0.0010 0.0016 0.0063 0.0022 0.0078 0.0011 0.0027 0.0013 0.0007 0.0007 0.0011 0.0020 0.0052 0.0011 0.0040 0.0514 0.1020 0.2285 0.0092 0.1342 0.0088 0.0292 0.0013 0.0079 0.0056 0.0006 0.0009 0.0003 0.0034 0.0550 0.0453 0.0553 0.0081 0.0037 0.0062 0.0721 0.0026 0.1059 0.0034 0.0040 0.0018 0.0012 0.0034 0.0016 0.0003 0.0025 0.0008 0.0009
0.0028 0.0016 0.0014 0.0020 0.0024 0.0020 0.0053 0.0011 0.0006 0.0011 0.0009 0.0010 0.0014 0.0006 0.0027 0.0018 0.0044 0.0815 0.1645 0.3309 0.0096 0.1568 0.0096 0.0230 0.0017 0.0137 0.0122 0.0008 0.0008 0.0006 0.0028 0.0386 0.0301 0.0264 0.0019 0.0009 0.0030 0.0233 0.0007 0.0254 0.0017 0.0010 0.0009 0.0007 0.0014 0.0010 0.0002 0.0003 0.0006 0.0002
0.0000 0.0000 0.0000 0.0000 0.0028 0.0000 0.0003 0.0238 0.0908 0.0000 0.0000 0.0000 0.0000 0.0013 0.0004 0.0000 0.0004 0.0000 0.0000 0.0000 0.0000 0.0000 0.0001 0.0001 0.0000 0.5134 0.0002 0.0000 0.0000 0.0000 0.0000 0.0115 0.0021 0.0089 0.0002 0.0005 0.0001 0.2248 0.0001 0.1180 0.0000 0.0000 0.0000 0.0000 0.0000 0.0000 0.0000 0.0001 0.0000 0.0000
0.0000 0.0000 0.0000 0.0000 0.0031 0.0000 0.0005 0.0099 0.0381 0.0000 0.0000 0.0000 0.0000 0.0006 0.0002 0.0000 0.0004 0.0001 0.0000 0.0000 0.0000 0.0001 0.0001 0.0002 0.0000 0.3574 0.0002 0.0000 0.0000 0.0000 0.0000 0.0168 0.0035 0.0160 0.0003 0.0005 0.0002 0.3577 0.0001 0.1938 0.0000 0.0000 0.0000 0.0000 0.0000 0.0000 0.0000 0.0001 0.0000 0.0000
0.0000 0.0000 0.0000 0.0000 0.0044 0.0000 0.0002 0.0208 0.6810 0.0000 0.0000 0.0000 0.0000 0.0061 0.0007 0.0000 0.0004 0.0000 0.0000 0.0000 0.0000 0.0000 0.0000 0.0000 0.0000 0.0907 0.0000 0.0000 0.0000 0.0000 0.0000 0.0025 0.0005 0.0027 0.0003 0.0010 0.0000 0.1088 0.0001 0.0796 0.0000 0.0000 0.0000 0.0000 0.0000 0.0000 0.0000 0.0002 0.0000 0.0000
0.0001 0.0002 0.0000 0.0000 0.0055 0.0000 0.0031 0.0126 0.0128 0.0001 0.0000 0.0000 0.0000 0.0008 0.0006 0.0001 0.0023 0.0022 0.0013 0.0017 0.0005 0.0016 0.0013 0.0015 0.0003 0.4905 0.0024 0.0001 0.0003 0.0000 0.0004 0.0357 0.0130 0.0375 0.0010 0.0011 0.0015 0.2392 0.0006 0.1274 0.0000 0.0000 0.0000 0.0000 0.0001 0.0000 0.0000 0.0007 0.0000 0.0000
0.0010 0.0002 0.0015 0.0038 0.0002 0.0013 0.0008 0.0000 0.0000 0.0004 0.0009 0.0031 0.0014 0.0000 0.0001 0.0007 0.0002 0.0354 0.1774 0.5228 0.0016 0.1725 0.0012 0.0042 0.0006 0.0001 0.0011 0.0005 0.0002 0.0034 0.0004 0.0017 0.0025 0.0022 0.0005 0.0001 0.0016 0.0009 0.0003 0.0012 0.0090 0.0018 0.0031 0.0073 0.0049 0.0137 0.0066 0.0008 0.0051 0.0001
0.0013 0.0003 0.0020 0.0048 0.0002 0.0015 0.0007 0.0000 0.0000 0.0004 0.0012 0.0041 0.0017 0.0000 0.0001 0.0009 0.0002 0.0393 0.1857 0.5092 0.0017 0.1755 0.0013 0.0045 0.0007 0.0001 0.0015 0.0007 0.0003 0.0050 0.0004 0.0014 0.0020 0.0016 0.0004 0.0001 0.0014 0.0006 0.0002 0.0008 0.0075 0.0014 0.0028 0.0069 0.0039 0.0121 0.0065 0.0005 0.0046 0.0001
0.0014 0.0002 0.0024 0.0056 0.0002 0.0015 0.0006 0.0000 0.0000 0.0004 0.0012 0.0048 0.0017 0.0000 0.0001 0.0009 0.0001 0.0374 0.1823 0.4993 0.0013 0.1753 0.0009 0.0041 0.0007 0.0001 0.0020 0.0008 0.0003 0.0085 0.0004 0.0014 0.0021 0.0015 0.0003 0.0001 0.0014 0.0005 0.0002 0.0006 0.0085 0.0013 0.0030 0.0087 0.0041 0.0157 0.0098 0.0005 0.0058 0.0001
0.0007 0.0002 0.0003 0.0003 0.0036 0.0003 0.0051 0.0042 0.0008 0.0002 0.0001 0.0001 0.0001 0.0001 0.0003 0.0005 0.0018 0.0317 0.0420 0.0785 0.0014 0.0453 0.0032 0.0055 0.0010 0.3194 0.0125 0.0006 0.0008 0.0003 0.0009 0.0660 0.0336 0.0654 0.0009 0.0006 0.0057 0.1774 0.0007 0.0852 0.0005 0.0001 0.0001 0.0001 0.0007 0.0002 0.0001 0.0007 0.0003 0.0000
0.0009 0.0005 0.0005 0.0005 0.0078 0.0005 0.0079 0.0035 0.0023 0.0004 0.0001 0.0002 0.0002 0.0004 0.0007 0.0006 0.0024 0.0417 0.0619 0.1293 0.0027 0.0812 0.0046 0.0107 0.0013 0.1155 0.0080 0.0007 0.0011 0.0004 0.0014 0.0612 0.0357 0.0727 0.0026 0.0016 0.0084 0.1881 0.0018 0.1299 0.0013 0.0004 0.0002 0.0002 0.0017 0.0005 0.0002 0.0028 0.0006 0.0002
0.0009 0.0002 0.0003 0.0002 0.0010 0.0002 0.0024 0.0039 0.0002 0.0001 0.0001 0.0001 0.0001 0.0001 0.0002 0.0004 0.0013 0.0226 0.0293 0.0467 0.0009 0.0230 0.0022 0.0036 0.0007 0.4802 0.0320 0.0005 0.0005 0.0003 0.0010 0.0895 0.0433 0.0552 0.0003 0.0003 0.0030 0.1093 0.0002 0.0423 0.0002 0.0000 0.0001 0.0000 0.0003 0.0001 0.0000 0.0001 0.0002 0.0000
0.0017 0.0001 0.0029 0.0072 0.0000 0.0013 0.0002 0.0000 0.0000 0.0002 0.0015 0.0088 0.0023 0.0000 0.0000 0.0011 0.0000 0.0333 0.1876 0.4852 0.0006 0.1443 0.0006 0.0020 0.0008 0.0001 0.0027 0.0010 0.0002 0.0218 0.0003 0.0008 0.0014 0.0008 0.0001 0.0000 0.0010 0.0002 0.0001 0.0002 0.0110 0.0006 0.0032 0.0127 0.0034 0.0265 0.0211 0.0001 0.0091 0.0000
0.0002 0.0002 0.0001 0.0000 0.0055 0.0001 0.0037 0.0129 0.0076 0.0001 0.0000 0.0000 0.0000 0.0006 0.0006 0.0002 0.0024 0.0045 0.0029 0.0039 0.0007 0.0038 0.0017 0.0022 0.0004 0.5091 0.0036 0.0002 0.0004 0.0000 0.0006 0.0412 0.0162 0.0427 0.0010 0.0011 0.0023 0.2184 0.0007 0.1075 0.0001 0.0000 0.0000 0.0000 0.0001 0.0000 0.0000 0.0005 0.0000 0.0000
0.0013 0.0001 0.0023 0.0060 0.0001 0.0012 0.0003 0.0000 0.0000 0.0002 0.0012 0.0065 0.0019 0.0000 0.0000 0.0011 0.0001 0.0364 0.1892 0.5022 0.0008 0.1629 0.0007 0.0023 0.0008 0.0001 0.0015 0.0008 0.0002 0.0130 0.0002 0.0006 0.0010 0.0007 0.0001 0.0000 0.0009 0.0002 0.0001 0.0002 0.0087 0.0006 0.0026 0.0093 0.0030 0.0177 0.0143 0.0002 0.0065 0.0000
0.0002 0.0002 0.0001 0.0000 0.0042 0.0001 0.0022 0.0286 0.0089 0.0001 0.0000 0.0000 0.0000 0.0007 0.0008 0.0001 0.0020 0.0023 0.0012 0.0013 0.0005 0.0013 0.0010 0.0015 0.0003 0.7323 0.0071 0.0002 0.0006 0.0000 0.0004 0.0302 0.0098 0.0194 0.0004 0.0007 0.0008 0.0980 0.0003 0.0420 0.0000 0.0000 0.0000 0.0000 0.0000 0.0000 0.0000 0.0002 0.0000 0.0000
0.0004 0.0003 0.0001 0.0001 0.0076 0.0002 0.0051 0.0178 0.0068 0.0002 0.0000 0.0000 0.0001 0.0006 0.0007 0.0004 0.0032 0.0097 0.0071 0.0098 0.0012 0.0080 0.0024 0.0033 0.0007 0.6106 0.0081 0.0004 0.0009 0.0001 0.0006 0.0367 0.0146 0.0329 0.0008 0.0009 0.0024 0.1388 0.0006 0.0644 0.0001 0.0000 0.0000 0.0000 0.0002 0.0000 0.0000 0.0008 0.0001 0.0001
0.0004 0.0003 0.0001 0.0001 0.0064 0.0001 0.0036 0.0211 0.0074 0.0001 0.0000 0.0000 0.0000 0.0007 0.0008 0.0002 0.0026 0.0064 0.0044 0.0059 0.0010 0.0047 0.0017 0.0028 0.0004 0.6384 0.0098 0.0003 0.0008 0.0000 0.0005 0.0411 0.0144 0.0282 0.0005 0.0008 0.0014 0.1307 0.0004 0.0608 0.0000 0.0000 0.0000 0.0000 0.0001 0.0000 0.0000 0.0004 0.0000 0.0001
0.0004 0.0004 0.0001 0.0001 0.0070 0.0001 0.0043 0.0208 0.0092 0.0002 0.0000 0.0000 0.0000 0.0010 0.0011 0.0003 0.0037 0.0063 0.0044 0.0057 0.0013 0.0045 0.0023 0.0030 0.0004 0.5785 0.0087 0.0002 0.0008 0.0000 0.0006 0.0484 0.0169 0.0324 0.0007 0.0009 0.0015 0.1567 0.0004 0.0761 0.0000 0.0000 0.0000 0.0000 0.0001 0.0000 0.0000 0.0004 0.0000 0.0001
0.0008 0.0002 0.0002 0.0002 0.0017 0.0002 0.0030 0.0055 0.0004 0.0001 0.0000 0.0001 0.0001 0.0001 0.0002 0.0004 0.0019 0.0215 0.0267 0.0427 0.0013 0.0193 0.0025 0.0031 0.0006 0.5470 0.0254 0.0004 0.0005 0.0002 0.0007 0.0703 0.0292 0.0403 0.0002 0.0002 0.0021 0.1094 0.0002 0.0404 0.0001 0.0000 0.0000 0.0000 0.0002 0.0001 0.0000 0.0001 0.0001 0.0000
0.0017 0.0009 0.0006 0.0004 0.0064 0.0005 0.0064 0.0218 0.0035 0.0004 0.0002 0.0001 0.0002 0.0008 0.0013 0.0011 0.0055 0.0183 0.0165 0.0213 0.0030 0.0134 0.0046 0.0054 0.0014 0.5665 0.0289 0.0009 0.0018 0.0003 0.0014 0.0575 0.0245 0.0339 0.0007 0.0009 0.0028 0.0980 0.0006 0.0436 0.0002 0.0001 0.0001 0.0001 0.0004 0.0001 0.0001 0.0004 0.0002 0.0001
0.0001 0.0006 0.0000 0.0000 0.0246 0.0001 0.0045 0.0840 0.2211 0.0002 0.0000 0.0000 0.0000 0.0105 0.0036 0.0001 0.0060 0.0007 0.0002 0.0002 0.0009 0.0003 0.0014 0.0014 0.0003 0.3924 0.0018 0.0001 0.0010 0.0000 0.0005 0.0156 0.0047 0.0130 0.0015 0.0033 0.0009 0.1276 0.0011 0.0737 0.0000 0.0000 0.0000 0.0000 0.0001 0.0000 0.0000 0.0015 0.0000 0.0002
0.0004 0.0006 0.0002 0.0002 0.0357 0.0003 0.0118 0.0319 0.0640 0.0004 0.0001 0.0000 0.0001 0.0033 0.0015 0.0005 0.0054 0.0044 0.0027 0.0036 0.0017 0.0042 0.0034 0.0032 0.0012 0.2915 0.0025 0.0006 0.0019 0.0001 0.0010 0.0237 0.0107 0.0369 0.0041 0.0050 0.0067 0.2630 0.0047 0.1518 0.0003 0.0003 0.0001 0.0001 0.0009 0.0001 0.0001 0.0127 0.0003 0.0005
0.0005 0.0009 0.0002 0.0001 0.0210 0.0002 0.0073 0.0601 0.0606 0.0004 0.0000 0.0000 0.0001 0.0053 0.0031 0.0004 0.0080 0.0030 0.0016 0.0017 0.0021 0.0017 0.0030 0.0028 0.0007 0.5415 0.0068 0.0004 0.0018 0.0000 0.0009 0.0286 0.0097 0.0203 0.0013 0.0023 0.0016 0.1284 0.0010 0.0686 0.0000 0.0001 0.0000 0.0000 0.0002 0.0000 0.0000 0.0015 0.0001 0.0002
0.0009 0.0023 0.0007 0.0008 0.1028 0.0017 0.0347 0.0121 0.1738 0.0023 0.0003 0.0002 0.0005 0.0165 0.0076 0.0017 0.0220 0.0187 0.0176 0.0295 0.0150 0.0281 0.0159 0.0142 0.0031 0.0396 0.0013 0.0009 0.0030 0.0002 0.0021 0.0151 0.0089 0.0269 0.0151 0.0093 0.0081 0.1175 0.0094 0.1354 0.0013 0.0027 0.0006 0.0004 0.0038 0.0005 0.0003 0.0710 0.0010 0.0027
