-0.4430 0.0747 -1.2097 0.2457 -0.1502 0.2592 0.4278 0.7382 -0.5729 0.3950 0.0439 -0.0354 0.1772 0.0019 -0.4381 -0.6588 0.1110 0.1111 -0.1974 0.3875 0.1333 -0.6041 -0.4872 -0.0264 0.6859 0.4821 -0.1055 0.2288 -0.2077 0.4923 -1.0267 -0.4532 1.5944 0.7226 0.7023 1.4644 -0.2981 0.7405 0.1209 0.1693 0.0050 -0.3692
-0.4657 0.0662 -1.2280 0.2455 -0.1518 0.2855 0.4321 0.7626 -0.5625 0.3931 0.0695 -0.0213 0.1934 -0.0278 -0.4362 -0.6719 0.1094 0.1478 -0.1877 0.3865 0.1164 -0.6292 -0.4875 -0.0306 0.6685 0.4814 -0.1100 0.2380 -0.2217 0.4966 -1.0276 -0.4467 1.6182 0.7065 0.7077 1.4842 -0.2777 0.7507 0.1238 0.1762 -0.0157 -0.3567
-0.5292 0.0433 -1.0863 0.1647 -0.1163 0.0992 0.4431 0.5743 -0.5020 0.3933 0.0505 -0.2362 0.0714 -0.0776 -0.3655 -0.7139 0.1310 0.0491 -0.2263 0.3321 0.0949 -0.6199 -0.4953 -0.0723 0.6091 0.4761 -0.0592 0.3068 -0.1822 0.5224 -0.9447 -0.4559 1.5257 0.7410 0.6399 1.3235 -0.3436 0.6380 0.1668 0.0793 -0.0726 -0.3978
-0.5092 0.0724 -1.1253 0.1431 -0.2829 0.4019 0.3772 0.6803 -0.4652 0.3404 0.0396 0.1590 0.2670 0.0890 -0.4863 -0.6038 0.0037 0.2154 -0.1407 0.4005 -0.0988 -0.6671 -0.5817 0.0443 0.4935 0.5034 -0.2388 0.2322 -0.2272 0.4671 -0.8576 -0.4207 1.5011 0.5410 0.7620 1.5848 -0.2027 0.7876 0.1939 0.2977 -0.0747 -0.3380
-0.4761 0.0238 -1.2700 0.3124 0.0992 -0.0848 0.5565 0.7062 -0.6528 0.4855 0.1174 -0.5527 -0.0558 -0.3014 -0.2690 -0.8449 0.3099 -0.0463 -0.3012 0.2919 0.4201 -0.5741 -0.3534 -0.2179 0.8574 0.4319 0.1635 0.3304 -0.1823 0.5800 -1.1980 -0.4913 1.7283 1.0083 0.5422 1.1607 -0.4371 0.5658 0.0620 -0.1359 -0.0029 -0.4264
-0.5078 0.0714 -1.1088 0.1390 -0.2676 0.3656 0.3818 0.6534 -0.4628 0.3433 0.0319 0.1210 0.2418 0.0830 -0.4738 -0.6101 0.0110 0.1848 -0.1504 0.3938 -0.0839 -0.6566 -0.5761 0.0347 0.5001 0.5016 -0.2236 0.2361 -0.2171 0.4693 -0.8558 -0.4242 1.4909 0.5577 0.7483 1.5540 -0.2191 0.7692 0.1953 0.2760 -0.0724 -0.3506
-0.4318 0.0963 -1.2853 0.2293 -0.3248 0.5914 0.3678 0.8860 -0.5506 0.3443 0.0561 0.3771 0.3971 0.1550 -0.5674 -0.5552 -0.0117 0.3181 -0.1061 0.4590 -0.0700 -0.6705 -0.5796 0.0866 0.5609 0.5079 -0.2902 0.1585 -0.2682 0.4386 -0.9522 -0.4183 1.5946 0.5200 0.8394 1.7542 -0.1430 0.9072 0.1448 0.3945 -0.0091 -0.2931
-0.7182 -0.0592 -0.6668 0.1917 0.3463 -0.8411 0.4960 0.0388 -0.4002 0.4581 0.0543 -1.3198 -0.5169 -0.5337 -0.0149 -0.9916 0.3802 -0.4849 -0.4465 0.1753 0.5811 -0.5144 -0.2196 -0.2926 0.9160 0.4599 0.3647 0.5349 0.0037 0.6537 -1.1226 -0.5591 1.5262 1.1669 0.2854 0.5331 -0.8599 0.2089 0.1475 -0.4568 -0.1056 -0.5862
-0.6694 -0.0527 -0.9015 0.2441 0.3502 -0.7184 0.5728 0.2411 -0.5119 0.5006 0.1156 -1.2656 -0.4537 -0.5767 -0.0362 -1.0257 0.4371 -0.3953 -0.4366 0.1681 0.6068 -0.5412 -0.2315 -0.3412 0.9340 0.4335 0.3945 0.5173 -0.0557 0.6705 -1.1977 -0.5502 1.6487 1.2219 0.3180 0.6380 -0.7611 0.2549 0.1125 -0.4694 -0.0943 -0.5610
-0.4775 0.0893 -1.2600 0.2082 -0.3521 0.6359 0.3509 0.8763 -0.5020 0.3266 0.0746 0.4267 0.4236 0.1433 -0.5708 -0.5556 -0.0419 0.3668 -0.0846 0.4601 -0.1363 -0.7057 -0.5932 0.1031 0.5069 0.5162 -0.3245 0.1696 -0.2792 0.4396 -0.9129 -0.4043 1.5929 0.4590 0.8495 1.7890 -0.1125 0.9210 0.1649 0.4313 -0.0460 -0.2781
-0.5047 0.0880 -1.1767 0.1510 -0.3876 0.6245 0.3323 0.7856 -0.4477 0.3056 0.0523 0.4376 0.4128 0.1796 -0.5707 -0.5379 -0.0771 0.3511 -0.0784 0.4523 -0.2146 -0.7112 -0.6278 0.1242 0.4346 0.5238 -0.3580 0.1805 -0.2658 0.4330 -0.8288 -0.3985 1.5245 0.4085 0.8501 1.7809 -0.1076 0.9038 0.2023 0.4507 -0.0757 -0.2865
-0.5442 0.0656 -0.9972 0.0367 -0.3402 0.3563 0.3597 0.5320 -0.4005 0.3138 0.0029 0.1346 0.2399 0.1492 -0.4823 -0.5778 -0.0346 0.1883 -0.1417 0.3787 -0.2211 -0.6708 -0.6475 0.0635 0.3677 0.5063 -0.2792 0.2626 -0.2062 0.4578 -0.7168 -0.4175 1.3701 0.4841 0.7605 1.5473 -0.2041 0.7454 0.2546 0.3048 -0.1276 -0.3486
-0.5379 0.0771 -1.0159 0.0402 -0.3935 0.4723 0.3355 0.5741 -0.3839 0.2942 0.0017 0.2864 0.3101 0.2034 -0.5257 -0.5403 -0.0828 0.2436 -0.1087 0.4063 -0.2822 -0.6880 -0.6713 0.1081 0.3382 0.5189 -0.3427 0.2289 -0.2213 0.4382 -0.6958 -0.4048 1.3800 0.4111 0.8039 1.6501 -0.1531 0.8045 0.2612 0.3868 -0.1229 -0.3294
-0.6099 -0.0155 -0.8628 0.0747 0.0921 -0.4435 0.5224 0.2280 -0.4690 0.4411 0.0315 -0.8915 -0.2723 -0.2822 -0.1629 -0.8620 0.2845 -0.2533 -0.3623 0.2015 0.2623 -0.5541 -0.4277 -0.2386 0.6413 0.4371 0.1775 0.4616 -0.0837 0.5939 -0.9183 -0.5044 1.4067 0.9851 0.4420 0.8542 -0.5758 0.3513 0.1991 -0.2627 -0.1359 -0.5138
-0.4916 0.0084 -1.0677 0.2950 0.2312 -0.4074 0.5540 0.4722 -0.6057 0.4928 0.0664 -0.8776 -0.2555 -0.3707 -0.1673 -0.8889 0.3693 -0.2717 -0.3744 0.2502 0.5739 -0.5022 -0.2762 -0.2587 0.9558 0.4246 0.2793 0.3834 -0.0983 0.5978 -1.2139 -0.5226 1.6456 1.1282 0.4279 0.8789 -0.6192 0.4199 0.0652 -0.2919 0.0166 -0.5007
-0.6195 0.0406 -0.5153 -0.3140 -0.3973 -0.0733 0.3563 -0.0900 -0.2260 0.2733 -0.1682 -0.2705 -0.0373 0.2810 -0.3752 -0.5535 -0.0651 -0.1156 -0.2280 0.2525 -0.4555 -0.5950 -0.8057 0.0343 0.0536 0.4918 -0.2654 0.4001 -0.0771 0.4578 -0.2954 -0.4372 0.8875 0.4748 0.6487 1.1775 -0.3326 0.4645 0.4372 0.1411 -0.2633 -0.4684
-0.4747 0.1090 -1.2600 0.1816 -0.4793 0.8441 0.2931 0.9264 -0.4599 0.2813 0.0617 0.7110 0.5605 0.2717 -0.6589 -0.4724 -0.1430 0.4805 -0.0224 0.5103 -0.2904 -0.7427 -0.6606 0.1972 0.4129 0.5411 -0.4637 0.1205 -0.3070 0.3984 -0.8361 -0.3802 1.5599 0.3033 0.9392 1.9723 -0.0198 1.0251 0.1935 0.5951 -0.0545 -0.2371
-0.0479 0.0257 -0.6351 0.2071 0.2336 -0.2783 0.4778 0.3262 -0.5250 0.3994 -0.0906 -0.6822 -0.1423 -0.1174 -0.0901 -0.4897 0.2823 -0.1808 -0.3073 0.2800 0.7643 -0.1744 -0.1461 -0.1781 1.0213 0.2034 0.2699 0.1523 0.0913 0.3565 -0.9496 -0.4103 1.2282 0.8750 0.2117 0.6474 -0.5953 0.4758 -0.0957 -0.2057 0.2622 -0.2187
0.1603 -0.0479 -0.3497 0.1212 0.2047 -0.0221 0.4295 0.2477 -0.4134 0.2988 -0.0417 -0.4319 0.0422 -0.0214 -0.0262 -0.2095 0.1772 0.0830 -0.2105 0.2921 0.7731 -0.0291 -0.0891 -0.1030 0.9333 0.0309 0.1971 -0.0410 0.2339 0.1921 -0.7088 -0.3153 1.0814 0.5655 0.0729 0.6335 -0.5155 0.5942 -0.2017 -0.1040 0.3255 0.0891
0.3637 -0.2021 0.4153 -0.0757 0.2828 0.1955 0.3140 -0.0744 -0.0050 0.1036 0.0545 -0.2988 0.2082 -0.1217 0.2726 0.1742 0.0220 0.5285 -0.0496 0.2308 0.8229 0.2027 0.1522 -0.0778 0.7517 -0.2992 0.1917 -0.2317 0.5022 -0.0554 -0.2052 -0.0900 0.7070 -0.0143 -0.3686 0.2853 -0.4158 0.6338 -0.3780 -0.0396 0.3395 0.6311
-0.4727 0.1051 -1.2629 0.1919 -0.4486 0.7935 0.3051 0.9207 -0.4747 0.2930 0.0644 0.6428 0.5298 0.2424 -0.6396 -0.4914 -0.1166 0.4553 -0.0379 0.5000 -0.2481 -0.7326 -0.6423 0.1757 0.4416 0.5354 -0.4303 0.1322 -0.3011 0.4083 -0.8609 -0.3870 1.5678 0.3439 0.9191 1.9275 -0.0454 1.0016 0.1838 0.5564 -0.0495 -0.2456
0.2178 0.0201 -0.0835 0.0367 0.1901 -0.0246 0.3432 0.1651 -0.2357 0.2614 -0.1622 -0.4248 0.0471 -0.0148 0.0835 -0.1284 0.1322 0.1679 -0.1673 0.2506 0.7283 0.0604 0.0099 -0.1342 0.8627 -0.0429 0.1980 -0.0020 0.2564 0.1605 -0.5015 -0.1791 0.7250 0.3874 -0.1055 0.3905 -0.4090 0.5019 -0.2318 -0.0588 0.3413 0.1457
-0.4661 0.1201 -1.2496 0.1696 -0.5253 0.9085 0.2700 0.9305 -0.4452 0.2648 0.0456 0.8093 0.6025 0.3307 -0.6909 -0.4372 -0.1807 0.5050 -0.0034 0.5285 -0.3425 -0.7466 -0.6858 0.2336 0.3830 0.5510 -0.5134 0.0994 -0.3110 0.3819 -0.8043 -0.3731 1.5360 0.2510 0.9690 2.0301 0.0071 1.0576 0.2045 0.6524 -0.0506 -0.2291
0.2489 0.0292 0.1496 -0.0488 0.1783 0.0051 0.2839 0.0682 -0.0783 0.2123 -0.2099 -0.3779 0.0744 -0.0110 0.1693 -0.0496 0.0743 0.2573 -0.1275 0.2295 0.6664 0.1133 0.0672 -0.1544 0.7596 -0.1129 0.1819 -0.0073 0.2922 0.1038 -0.3098 -0.0786 0.4892 0.2106 -0.2329 0.2451 -0.3313 0.4618 -0.2463 -0.0234 0.3257 0.2206
-0.5159 0.0937 -1.0937 0.0887 -0.4337 0.6314 0.3164 0.6856 -0.3919 0.2831 0.0157 0.4765 0.4041 0.2411 -0.5791 -0.5074 -0.1237 0.3214 -0.0687 0.4468 -0.3047 -0.7074 -0.6731 0.1532 0.3558 0.5324 -0.3999 0.1762 -0.2490 0.4203 -0.7292 -0.3912 1.4511 0.3487 0.8556 1.7909 -0.0893 0.8919 0.2435 0.4817 -0.0957 -0.3012
0.2312 -0.1982 0.5520 -0.0863 0.2846 -0.0013 0.2723 -0.2183 0.0764 0.0819 -0.0383 -0.4316 0.0966 -0.1655 0.2882 0.1141 -0.0324 0.3688 -0.0959 0.2493 0.7930 0.1703 0.1593 -0.1571 0.7110 -0.2053 0.2528 -0.1387 0.4798 -0.0862 -0.1821 -0.1602 0.6716 0.0405 -0.3503 0.2218 -0.5445 0.5861 -0.3032 -0.0657 0.3005 0.5248
0.4145 -0.3731 1.0889 -0.2295 0.3429 0.3238 0.2078 -0.4172 0.3702 -0.0808 0.1520 -0.2261 0.3213 -0.2617 0.5180 0.4531 -0.1680 0.8572 0.0638 0.2005 0.8322 0.3399 0.3371 -0.0900 0.5584 -0.5007 0.2067 -0.3703 0.7286 -0.2758 0.2038 0.0186 0.5182 -0.4811 -0.6911 0.0739 -0.4158 0.6999 -0.4825 0.0153 0.3014 1.0654
-0.5464 0.0610 -0.9896 0.0559 -0.2859 0.2867 0.3806 0.4955 -0.4017 0.3267 0.0037 0.0467 0.1807 0.1026 -0.4497 -0.6077 -0.0083 0.1223 -0.1613 0.3631 -0.1602 -0.6535 -0.6177 0.0375 0.4137 0.5035 -0.2289 0.2661 -0.1883 0.4715 -0.7466 -0.4273 1.4060 0.5348 0.7253 1.4945 -0.2380 0.7113 0.2461 0.2512 -0.1158 -0.3741
-0.5296 0.0297 -1.1267 0.2130 -0.0245 0.0048 0.4855 0.5846 -0.5374 0.4232 0.0784 -0.3804 0.0020 -0.1769 -0.3175 -0.7723 0.1954 -0.0086 -0.2573 0.3106 0.2133 -0.6065 -0.4399 -0.1277 0.6965 0.4631 0.0303 0.3219 -0.1731 0.5474 -1.0294 -0.4722 1.6073 0.8402 0.5933 1.2478 -0.3921 0.5980 0.1372 -0.0124 -0.0566 -0.4175
-0.7392 -0.0307 0.3273 -0.9290 -0.4064 -1.0913 0.3833 -1.1739 -0.0309 0.2567 -0.4616 -1.3274 -0.6267 0.4216 -0.1208 -0.5788 0.0180 -0.6946 -0.4631 -0.0091 -0.7045 -0.4268 -1.0329 -0.1171 -0.4120 0.4317 -0.1127 0.7415 0.1565 0.4953 0.3458 -0.5098 -0.0376 0.6524 0.3901 0.2805 -0.6995 -0.1404 0.7173 -0.3233 -0.5061 -0.6849
-0.4144 0.0912 -1.1650 0.2010 -0.2057 0.3246 0.4037 0.7106 -0.5338 0.3708 0.0045 0.0848 0.2183 0.0918 -0.4695 -0.6041 0.0544 0.1158 -0.1750 0.4091 0.0608 -0.5974 -0.5249 0.0132 0.6266 0.4854 -0.1674 0.2002 -0.2053 0.4582 -0.9505 -0.4343 1.5145 0.6438 0.7300 1.5079 -0.2544 0.7690 0.1455 0.2353 0.0112 -0.3723
0.4715 -0.5865 1.5672 -0.3783 0.4678 0.4252 0.1905 -0.6662 0.6335 -0.2507 0.4188 -0.1935 0.4275 -0.4971 0.7818 0.6359 -0.1586 1.1824 0.1441 0.1589 0.9415 0.3833 0.5237 -0.1433 0.4191 -0.7956 0.3032 -0.4793 0.8536 -0.5369 0.4806 0.1805 0.4222 -0.8164 -0.9792 -0.1888 -0.3954 0.7344 -0.6237 -0.0674 0.1926 1.5168
0.4738 -0.5837 1.5758 -0.3781 0.4601 0.4359 0.1868 -0.6686 0.6414 -0.2468 0.4089 -0.1921 0.4276 -0.4932 0.7815 0.6357 -0.1684 1.1889 0.1505 0.1546 0.9270 0.3861 0.5217 -0.1369 0.4155 -0.7917 0.2929 -0.4834 0.8591 -0.5288 0.4939 0.1815 0.4115 -0.8306 -0.9847 -0.1833 -0.3835 0.7311 -0.6229 -0.0569 0.1960 1.5202
0.4722 -0.5590 1.5578 -0.3780 0.4385 0.4207 0.1832 -0.6617 0.6401 -0.2397 0.3882 -0.1886 0.4217 -0.4766 0.7720 0.6131 -0.1544 1.1592 0.1430 0.1517 0.9042 0.3654 0.5091 -0.1406 0.4094 -0.7765 0.2932 -0.4604 0.8276 -0.5214 0.4912 0.1945 0.3864 -0.8114 -0.9692 -0.1831 -0.3692 0.7055 -0.6077 -0.0526 0.1880 1.4758
-0.0810 0.0006 -0.6601 0.1272 -0.0349 0.2743 0.3807 0.4656 -0.4118 0.2882 -0.0085 -0.0276 0.2245 0.0764 -0.2422 -0.3070 0.0403 0.2127 -0.1481 0.3720 0.3820 -0.2895 -0.2980 -0.0164 0.7166 0.2229 -0.0332 0.0151 0.0488 0.2583 -0.7329 -0.3455 1.2458 0.4614 0.3795 1.1101 -0.3369 0.7495 -0.0491 0.1445 0.1804 -0.0421
0.0159 -0.0949 -0.2152 0.0738 0.1966 -0.0146 0.3923 0.1560 -0.2614 0.2469 0.0044 -0.4259 0.0457 -0.1326 0.0209 -0.2323 0.1019 0.1518 -0.1767 0.2771 0.6545 -0.1043 -0.0826 -0.1363 0.7841 0.0512 0.1875 0.0074 0.2305 0.1677 -0.5939 -0.3061 1.0682 0.4424 0.0485 0.6286 -0.5014 0.5929 -0.1506 -0.0765 0.2255 0.1201
-0.1054 0.0902 -0.9310 0.1324 -0.2570 0.5346 0.3238 0.6678 -0.5119 0.2892 -0.0694 0.3950 0.4246 0.3538 -0.4624 -0.2810 -0.0699 0.2684 -0.1280 0.4915 0.1645 -0.3913 -0.4699 0.1019 0.6529 0.3546 -0.2485 -0.0327 -0.0632 0.2714 -0.7942 -0.3674 1.3005 0.4110 0.6424 1.5037 -0.2109 0.9222 0.0167 0.3798 0.1816 -0.1526
0.4955 -0.5010 1.4975 -0.3974 0.3920 0.3932 0.1908 -0.6299 0.6346 -0.2015 0.3628 -0.1839 0.4192 -0.4290 0.7654 0.5428 -0.0828 1.1088 0.1206 0.1342 0.8472 0.3126 0.4743 -0.1432 0.3995 -0.7699 0.2787 -0.4158 0.7501 -0.4774 0.4839 0.2738 0.3070 -0.7708 -0.9577 -0.2093 -0.2944 0.6175 -0.5839 -0.0615 0.1532 1.3564
-0.3727 0.1028 -1.1621 0.1971 -0.2353 0.3882 0.3898 0.7330 -0.5353 0.3598 -0.0136 0.1733 0.2624 0.1479 -0.4920 -0.5590 0.0281 0.1435 -0.1587 0.4269 0.0454 -0.5810 -0.5339 0.0370 0.6184 0.4785 -0.1993 0.1675 -0.2032 0.4331 -0.9281 -0.4234 1.4853 0.6025 0.7440 1.5459 -0.2267 0.8026 0.1382 0.2799 0.0352 -0.3520
0.4860 -0.5572 1.5562 -0.3884 0.4334 0.4265 0.1897 -0.6589 0.6454 -0.2308 0.4010 -0.1892 0.4279 -0.4760 0.7811 0.6013 -0.1317 1.1689 0.1432 0.1421 0.8949 0.3544 0.5053 -0.1370 0.4057 -0.7913 0.2881 -0.4600 0.8181 -0.5130 0.4990 0.2240 0.3689 -0.8178 -0.9816 -0.1968 -0.3429 0.6842 -0.6116 -0.0593 0.1762 1.4690
-0.4300 0.1366 -1.1543 0.1231 -0.5100 0.8338 0.2703 0.8000 -0.4078 0.2590 -0.0218 0.7686 0.5415 0.3849 -0.6619 -0.4124 -0.2022 0.3902 -0.0250 0.5189 -0.3342 -0.6891 -0.6885 0.2255 0.3736 0.5458 -0.4976 0.0778 -0.2633 0.3668 -0.7369 -0.3690 1.4510 0.2508 0.9259 1.9576 -0.0097 1.0139 0.2194 0.6272 -0.0250 -0.2778
-0.3563 0.1184 -1.0762 0.1358 -0.3705 0.6232 0.3088 0.7379 -0.4374 0.2909 -0.0342 0.4947 0.4233 0.2906 -0.5519 -0.4332 -0.1081 0.2964 -0.0813 0.4740 -0.1337 -0.5946 -0.5874 0.1332 0.4808 0.4803 -0.3553 0.0981 -0.2023 0.3684 -0.7775 -0.3701 1.3859 0.3712 0.7922 1.7011 -0.1102 0.9101 0.1601 0.4651 0.0230 -0.2755
-0.3771 0.1254 -1.1172 0.1390 -0.4057 0.6680 0.3026 0.7584 -0.4468 0.2882 -0.0338 0.5590 0.4494 0.3214 -0.5865 -0.4352 -0.1284 0.3048 -0.0755 0.4895 -0.1773 -0.6192 -0.6180 0.1544 0.4651 0.5057 -0.3885 0.0916 -0.2194 0.3732 -0.7857 -0.3797 1.4202 0.3608 0.8362 1.7778 -0.0935 0.9393 0.1752 0.5020 0.0144 -0.2893
-0.3619 0.1240 -1.1106 0.1508 -0.3438 0.5512 0.3302 0.7246 -0.4742 0.3136 -0.0462 0.4115 0.3718 0.2772 -0.5453 -0.4697 -0.0762 0.2263 -0.1110 0.4644 -0.0945 -0.5861 -0.5860 0.1088 0.5193 0.4929 -0.3176 0.1130 -0.2013 0.3916 -0.8206 -0.3924 1.4139 0.4476 0.7896 1.6731 -0.1453 0.8791 0.1609 0.4171 0.0310 -0.3199
-0.1826 0.0853 -0.9451 0.1253 -0.3084 0.6313 0.3022 0.7003 -0.4590 0.2700 -0.0329 0.4907 0.4731 0.3313 -0.4855 -0.2955 -0.1065 0.3570 -0.0878 0.4898 0.0465 -0.4572 -0.4989 0.1300 0.5714 0.3763 -0.3090 -0.0118 -0.0976 0.2873 -0.7564 -0.3485 1.3263 0.3295 0.6771 1.5909 -0.1508 0.9487 0.0485 0.4424 0.1222 -0.1345
-0.2485 0.1417 -0.9560 0.0833 -0.3744 0.6336 0.2735 0.6701 -0.4059 0.2693 -0.1052 0.5576 0.4630 0.3934 -0.5160 -0.3334 -0.1568 0.2975 -0.0888 0.4976 -0.0863 -0.5000 -0.5525 0.1340 0.4922 0.4376 -0.3637 0.0277 -0.1404 0.3138 -0.7015 -0.3302 1.2460 0.2991 0.7222 1.6314 -0.0884 0.9245 0.1160 0.4966 0.0860 -0.2443
-0.5728 0.0802 -0.4540 -0.3133 -0.3967 0.0086 0.3315 -0.1529 -0.1192 0.2573 -0.2489 -0.1063 -0.0409 0.3470 -0.3668 -0.5109 -0.1668 -0.2082 -0.2008 0.2773 -0.4903 -0.5382 -0.7848 0.0458 0.0358 0.5094 -0.3035 0.3078 -0.0397 0.4260 -0.2205 -0.3909 0.8431 0.3701 0.6173 1.2150 -0.2556 0.4816 0.4429 0.2054 -0.2143 -0.5395
-0.4292 0.0710 -0.7963 0.0159 -0.0730 -0.1374 0.4169 0.3006 -0.3752 0.3710 -0.1076 -0.3679 -0.0627 0.0390 -0.2742 -0.6463 0.1014 -0.1901 -0.2708 0.3007 0.0799 -0.4833 -0.4911 -0.1431 0.4912 0.4286 -0.0278 0.3063 -0.0882 0.4473 -0.7210 -0.3964 1.1152 0.7115 0.5181 1.0062 -0.3947 0.4852 0.2192 -0.0191 -0.0476 -0.5342
-0.4532 0.1326 -0.8587 -0.0292 -0.4006 0.4435 0.3000 0.4101 -0.2796 0.2730 -0.1417 0.3605 0.2638 0.3388 -0.4943 -0.4671 -0.1708 0.0889 -0.1132 0.4136 -0.3173 -0.5821 -0.6670 0.1059 0.2911 0.5157 -0.3680 0.1594 -0.1527 0.3920 -0.5496 -0.3566 1.1740 0.3288 0.7388 1.5666 -0.1137 0.7625 0.2818 0.4116 -0.0654 -0.4192
-0.2580 0.0448 0.2553 -0.4627 -0.0352 -0.8427 0.2453 -0.4437 0.0459 0.2543 -0.4128 -0.8878 -0.3123 0.2137 0.0487 -0.4040 0.0483 -0.4770 -0.3788 0.1679 -0.0178 -0.1594 -0.4267 -0.3461 0.0308 0.2503 0.0588 0.4705 0.1493 0.2472 -0.0367 -0.2018 -0.1375 0.5293 0.1128 -0.0371 -0.6474 0.0337 0.3071 -0.2926 -0.1479 -0.6576
