0.0000 0.0000 0.0000 0.0000 0.0000 0.0000 0.0000 0.0000 0.0000 0.0000 0.0000 0.0000 0.0000 0.0000 0.0000 0.0000 0.0000 0.0001 0.0000 0.0003 0.0000 0.0002 0.0000 0.0000 0.0000 0.1425 0.0311 0.0000 0.0000 0.0000 0.0001 0.1411 0.4908 0.1906 0.0000 0.0000 0.0000 0.0011 0.0000 0.0020 0.0000 0.0000 0.0000 0.0000 0.0000 0.0000 0.0000 0.0000 0.0000 0.0000
0.0000 0.0000 0.0000 0.0000 0.0000 0.0000 0.0000 0.0000 0.0000 0.0000 0.0000 0.0000 0.0000 0.0000 0.0000 0.0000 0.0000 0.0001 0.0000 0.0002 0.0000 0.0002 0.0000 0.0000 0.0000 0.3010 0.1116 0.0000 0.0000 0.0000 0.0000 0.0887 0.3607 0.1350 0.0000 0.0000 0.0000 0.0010 0.0000 0.0015 0.0000 0.0000 0.0000 0.0000 0.0000 0.0000 0.0000 0.0000 0.0000 0.0000
0.0000 0.0000 0.0000 0.0000 0.0000 0.0000 0.0000 0.0000 0.0000 0.0000 0.0000 0.0000 0.0000 0.0000 0.0000 0.0000 0.0000 0.0000 0.0000 0.0000 0.0000 0.0000 0.0000 0.0000 0.0000 0.0989 0.0152 0.0000 0.0000 0.0000 0.0000 0.1430 0.5274 0.2109 0.0000 0.0000 0.0000 0.0012 0.0000 0.0033 0.0000 0.0000 0.0000 0.0000 0.0000 0.0000 0.0000 0.0000 0.0000 0.0000
0.0000 0.0000 0.0000 0.0000 0.0000 0.0000 0.0000 0.0000 0.0000 0.0000 0.0000 0.0000 0.0000 0.0000 0.0000 0.0000 0.0000 0.0000 0.0000 0.0000 0.0000 0.0000 0.0000 0.0000 0.0000 0.0838 0.0159 0.0000 0.0000 0.0000 0.0000 0.1197 0.5577 0.2190 0.0000 0.0000 0.0000 0.0010 0.0000 0.0028 0.0000 0.0000 0.0000 0.0000 0.0000 0.0000 0.0000 0.0000 0.0000 0.0000
0.0000 0.0000 0.0000 0.0000 0.0000 0.0000 0.0000 0.0001 0.0000 0.0000 0.0000 0.0000 0.0000 0.0000 0.0000 0.0000 0.0000 0.0005 0.0001 0.0007 0.0000 0.0011 0.0000 0.0001 0.0000 0.4351 0.0759 0.0000 0.0000 0.0000 0.0000 0.1121 0.2395 0.1310 0.0000 0.0000 0.0000 0.0018 0.0000 0.0020 0.0000 0.0000 0.0000 0.0000 0.0000 0.0000 0.0000 0.0000 0.0000 0.0000
0.0000 0.0000 0.0000 0.0000 0.0000 0.0000 0.0000 0.0000 0.0000 0.0000 0.0000 0.0000 0.0000 0.0000 0.0000 0.0000 0.0000 0.0001 0.0000 0.0001 0.0000 0.0001 0.0000 0.0000 0.0000 0.1685 0.0562 0.0000 0.0000 0.0000 0.0000 0.0881 0.5060 0.1782 0.0000 0.0000 0.0000 0.0007 0.0000 0.0018 0.0000 0.0000 0.0000 0.0000 0.0000 0.0000 0.0000 0.0000 0.0000 0.0000
0.0000 0.0000 0.0000 0.0000 0.0000 0.0000 0.0000 0.0000 0.0000 0.0000 0.0000 0.0000 0.0000 0.0000 0.0000 0.0001 0.0001 0.0007 0.0002 0.0011 0.0000 0.0010 0.0001 0.0000 0.0000 0.2674 0.1217 0.0000 0.0000 0.0000 0.0002 0.0660 0.3831 0.1568 0.0000 0.0000 0.0000 0.0006 0.0000 0.0007 0.0000 0.0000 0.0000 0.0000 0.0000 0.0000 0.0000 0.0000 0.0000 0.0000
0.0000 0.0000 0.0000 0.0000 0.0000 0.0000 0.0000 0.0016 0.0000 0.0000 0.0000 0.0000 0.0000 0.0000 0.0001 0.0000 0.0000 0.0050 0.0013 0.0023 0.0000 0.0019 0.0000 0.0012 0.0000 0.7358 0.0727 0.0000 0.0000 0.0000 0.0000 0.1142 0.0446 0.0162 0.0000 0.0000 0.0000 0.0015 0.0000 0.0016 0.0000 0.0000 0.0000 0.0000 0.0000 0.0000 0.0000 0.0000 0.0000 0.0000
0.0000 0.0000 0.0000 0.0000 0.0000 0.0000 0.0000 0.0016 0.0000 0.0000 0.0000 0.0000 0.0000 0.0000 0.0000 0.0000 0.0000 0.0004 0.0001 0.0003 0.0000 0.0013 0.0000 0.0023 0.0000 0.6491 0.3050 0.0000 0.0000 0.0000 0.0000 0.0140 0.0175 0.0074 0.0000 0.0000 0.0000 0.0005 0.0000 0.0004 0.0000 0.0000 0.0000 0.0000 0.0000 0.0000 0.0000 0.0000 0.0000 0.0000
0.0000 0.0000 0.0000 0.0000 0.0000 0.0000 0.0000 0.0000 0.0000 0.0000 0.0000 0.0000 0.0000 0.0000 0.0000 0.0000 0.0000 0.0001 0.0000 0.0003 0.0000 0.0004 0.0000 0.0000 0.0000 0.2602 0.1431 0.0000 0.0000 0.0000 0.0001 0.0520 0.3820 0.1597 0.0000 0.0000 0.0000 0.0007 0.0000 0.0011 0.0000 0.0000 0.0000 0.0000 0.0000 0.0000 0.0000 0.0000 0.0000 0.0000
0.0000 0.0000 0.0000 0.0000 0.0000 0.0000 0.0000 0.0000 0.0000 0.0000 0.0000 0.0000 0.0000 0.0000 0.0000 0.0000 0.0000 0.0001 0.0000 0.0001 0.0000 0.0002 0.0000 0.0000 0.0000 0.1572 0.0799 0.0000 0.0000 0.0000 0.0001 0.0656 0.4995 0.1946 0.0000 0.0000 0.0000 0.0008 0.0000 0.0019 0.0000 0.0000 0.0000 0.0000 0.0000 0.0000 0.0000 0.0000 0.0000 0.0000
0.0000 0.0000 0.0000 0.0000 0.0000 0.0000 0.0000 0.0000 0.0000 0.0000 0.0000 0.0000 0.0000 0.0000 0.0000 0.0000 0.0000 0.0000 0.0000 0.0001 0.0000 0.0001 0.0000 0.0000 0.0000 0.0806 0.0242 0.0000 0.0000 0.0000 0.0001 0.0937 0.5482 0.2478 0.0000 0.0000 0.0000 0.0014 0.0000 0.0037 0.0000 0.0000 0.0000 0.0000 0.0000 0.0000 0.0000 0.0000 0.0000 0.0000
0.0000 0.0000 0.0000 0.0000 0.0000 0.0000 0.0000 0.0000 0.0000 0.0000 0.0000 0.0000 0.0000 0.0000 0.0000 0.0000 0.0000 0.0001 0.0000 0.0002 0.0000 0.0002 0.0000 0.0000 0.0000 0.1095 0.0740 0.0000 0.0000 0.0000 0.0001 0.0712 0.5336 0.2071 0.0000 0.0000 0.0000 0.0012 0.0000 0.0026 0.0000 0.0000 0.0000 0.0000 0.0000 0.0000 0.0000 0.0000 0.0000 0.0000
0.0000 0.0000 0.0000 0.0000 0.0000 0.0000 0.0000 0.0002 0.0000 0.0000 0.0000 0.0000 0.0000 0.0000 0.0000 0.0000 0.0000 0.0002 0.0001 0.0004 0.0000 0.0010 0.0000 0.0007 0.0000 0.4003 0.4710 0.0000 0.0000 0.0000 0.0000 0.0221 0.0729 0.0290 0.0000 0.0000 0.0000 0.0010 0.0000 0.0011 0.0000 0.0000 0.0000 0.0000 0.0000 0.0000 0.0000 0.0000 0.0000 0.0000
0.0000 0.0000 0.0000 0.0000 0.0000 0.0000 0.0000 0.0008 0.0000 0.0000 0.0000 0.0000 0.0000 0.0000 0.0000 0.0000 0.0000 0.0031 0.0016 0.0040 0.0000 0.0028 0.0000 0.0012 0.0000 0.4805 0.1578 0.0000 0.0000 0.0000 0.0001 0.1433 0.1295 0.0608 0.0000 0.0000 0.0000 0.0077 0.0000 0.0066 0.0000 0.0000 0.0000 0.0000 0.0000 0.0000 0.0000 0.0000 0.0000 0.0000
0.0000 0.0000 0.0000 0.0000 0.0000 0.0000 0.0000 0.0000 0.0000 0.0000 0.0000 0.0000 0.0000 0.0000 0.0000 0.0001 0.0000 0.0001 0.0000 0.0002 0.0000 0.0001 0.0001 0.0000 0.0000 0.0579 0.0606 0.0000 0.0000 0.0000 0.0002 0.0611 0.6163 0.1996 0.0000 0.0000 0.0000 0.0010 0.0000 0.0024 0.0000 0.0000 0.0000 0.0000 0.0000 0.0001 0.0001 0.0000 0.0000 0.0000
0.0002 0.0000 0.0000 0.0000 0.0000 0.0000 0.0000 0.0000 0.0000 0.0000 0.0000 0.0000 0.0000 0.0000 0.0000 0.0009 0.0010 0.0007 0.0003 0.0017 0.0002 0.0008 0.0012 0.0000 0.0001 0.1282 0.2126 0.0002 0.0000 0.0000 0.0006 0.0471 0.4493 0.1525 0.0000 0.0000 0.0001 0.0008 0.0000 0.0009 0.0001 0.0000 0.0000 0.0000 0.0000 0.0002 0.0001 0.0000 0.0001 0.0000
0.0000 0.0000 0.0000 0.0000 0.0000 0.0000 0.0000 0.0006 0.0000 0.0000 0.0000 0.0000 0.0000 0.0000 0.0000 0.0000 0.0000 0.0065 0.0039 0.0086 0.0000 0.0020 0.0000 0.0003 0.0000 0.1043 0.0026 0.0000 0.0000 0.0000 0.0007 0.6229 0.1010 0.0877 0.0000 0.0000 0.0000 0.0348 0.0000 0.0240 0.0000 0.0000 0.0000 0.0000 0.0000 0.0000 0.0000 0.0000 0.0000 0.0000
0.0000 0.0000 0.0000 0.0000 0.0000 0.0000 0.0000 0.0004 0.0000 0.0000 0.0000 0.0000 0.0000 0.0000 0.0000 0.0000 0.0000 0.0061 0.0045 0.0104 0.0000 0.0027 0.0000 0.0002 0.0000 0.1129 0.0022 0.0000 0.0000 0.0000 0.0010 0.5758 0.1127 0.1243 0.0000 0.0000 0.0000 0.0313 0.0000 0.0155 0.0000 0.0000 0.0000 0.0000 0.0000 0.0000 0.0000 0.0000 0.0000 0.0000
0.0000 0.0000 0.0000 0.0000 0.0000 0.0000 0.0000 0.0013 0.0000 0.0000 0.0000 0.0000 0.0000 0.0000 0.0000 0.0000 0.0000 0.0110 0.0095 0.0182 0.0000 0.0067 0.0000 0.0005 0.0000 0.1791 0.0038 0.0000 0.0000 0.0000 0.0009 0.5224 0.0862 0.1090 0.0000 0.0000 0.0000 0.0377 0.0000 0.0134 0.0000 0.0000 0.0000 0.0000 0.0000 0.0000 0.0000 0.0000 0.0000 0.0000
0.0000 0.0000 0.0000 0.0000 0.0000 0.0000 0.0000 0.0000 0.0000 0.0000 0.0000 0.0000 0.0000 0.0000 0.0000 0.0000 0.0000 0.0003 0.0002 0.0009 0.0000 0.0012 0.0002 0.0000 0.0000 0.2395 0.0845 0.0001 0.0000 0.0000 0.0002 0.0597 0.3624 0.2478 0.0000 0.0000 0.0001 0.0015 0.0000 0.0011 0.0000 0.0000 0.0000 0.0000 0.0000 0.0000 0.0000 0.0000 0.0000 0.0000
0.0000 0.0000 0.0000 0.0000 0.0000 0.0000 0.0000 0.0034 0.0000 0.0000 0.0000 0.0000 0.0000 0.0000 0.0001 0.0000 0.0000 0.0106 0.0089 0.0172 0.0000 0.0106 0.0000 0.0011 0.0000 0.2425 0.0046 0.0000 0.0000 0.0000 0.0005 0.4740 0.0713 0.0975 0.0000 0.0000 0.0000 0.0420 0.0000 0.0155 0.0000 0.0000 0.0000 0.0000 0.0000 0.0000 0.0000 0.0000 0.0000 0.0000
0.0001 0.0000 0.0000 0.0000 0.0000 0.0000 0.0000 0.0000 0.0000 0.0000 0.0000 0.0000 0.0000 0.0000 0.0000 0.0002 0.0002 0.0007 0.0004 0.0023 0.0001 0.0029 0.0008 0.0001 0.0000 0.2554 0.1830 0.0002 0.0000 0.0000 0.0003 0.0395 0.3238 0.1881 0.0001 0.0000 0.0003 0.0007 0.0000 0.0005 0.0000 0.0000 0.0000 0.0000 0.0000 0.0001 0.0000 0.0000 0.0000 0.0000
0.0000 0.0000 0.0000 0.0000 0.0000 0.0000 0.0000 0.0131 0.0000 0.0000 0.0000 0.0000 0.0000 0.0000 0.0005 0.0000 0.0000 0.0169 0.0152 0.0221 0.0000 0.0359 0.0000 0.0062 0.0000 0.6623 0.0573 0.0000 0.0000 0.0000 0.0001 0.1031 0.0281 0.0290 0.0000 0.0000 0.0000 0.0080 0.0000 0.0022 0.0000 0.0000 0.0000 0.0000 0.0000 0.0000 0.0000 0.0000 0.0000 0.0000
0.0000 0.0000 0.0000 0.0000 0.0000 0.0000 0.0000 0.0000 0.0000 0.0000 0.0000 0.0000 0.0000 0.0000 0.0000 0.0000 0.0000 0.0002 0.0001 0.0007 0.0000 0.0012 0.0001 0.0000 0.0000 0.2421 0.1450 0.0000 0.0000 0.0000 0.0001 0.0426 0.3670 0.1994 0.0000 0.0000 0.0000 0.0006 0.0000 0.0006 0.0000 0.0000 0.0000 0.0000 0.0000 0.0000 0.0000 0.0000 0.0000 0.0000
0.0000 0.0000 0.0000 0.0000 0.0000 0.0000 0.0001 0.0053 0.0000 0.0000 0.0000 0.0000 0.0000 0.0000 0.0013 0.0000 0.0002 0.0827 0.0621 0.0465 0.0000 0.0351 0.0000 0.0055 0.0000 0.5610 0.1622 0.0000 0.0000 0.0000 0.0000 0.0248 0.0082 0.0041 0.0000 0.0000 0.0000 0.0005 0.0000 0.0001 0.0000 0.0000 0.0000 0.0000 0.0000 0.0000 0.0000 0.0000 0.0000 0.0000
0.0000 0.0000 0.0000 0.0000 0.0000 0.0000 0.0000 0.0016 0.0000 0.0000 0.0000 0.0000 0.0000 0.0000 0.0001 0.0000 0.0002 0.0230 0.0184 0.0190 0.0000 0.0155 0.0001 0.0013 0.0000 0.6391 0.2239 0.0000 0.0000 0.0000 0.0001 0.0272 0.0185 0.0108 0.0000 0.0000 0.0001 0.0006 0.0000 0.0001 0.0000 0.0000 0.0000 0.0000 0.0000 0.0000 0.0000 0.0000 0.0000 0.0000
0.0000 0.0000 0.0000 0.0000 0.0000 0.0000 0.0000 0.0000 0.0000 0.0000 0.0000 0.0000 0.0000 0.0000 0.0000 0.0000 0.0000 0.0001 0.0000 0.0001 0.0000 0.0003 0.0000 0.0000 0.0000 0.2542 0.1194 0.0000 0.0000 0.0000 0.0000 0.0497 0.3815 0.1931 0.0000 0.0000 0.0000 0.0007 0.0000 0.0008 0.0000 0.0000 0.0000 0.0000 0.0000 0.0000 0.0000 0.0000 0.0000 0.0000
0.0000 0.0000 0.0000 0.0000 0.0000 0.0000 0.0000 0.0000 0.0000 0.0000 0.0000 0.0000 0.0000 0.0000 0.0000 0.0000 0.0000 0.0001 0.0000 0.0002 0.0000 0.0005 0.0000 0.0001 0.0000 0.4583 0.1547 0.0000 0.0000 0.0000 0.0000 0.0418 0.2098 0.1329 0.0000 0.0000 0.0000 0.0008 0.0000 0.0007 0.0000 0.0000 0.0000 0.0000 0.0000 0.0000 0.0000 0.0000 0.0000 0.0000
0.0000 0.0000 0.0000 0.0000 0.0000 0.0000 0.0000 0.0000 0.0000 0.0000 0.0000 0.0000 0.0000 0.0000 0.0000 0.0000 0.0000 0.0000 0.0000 0.0000 0.0000 0.0000 0.0000 0.0000 0.0000 0.1142 0.0129 0.0000 0.0000 0.0000 0.0000 0.1089 0.4854 0.2741 0.0000 0.0000 0.0000 0.0013 0.0000 0.0031 0.0000 0.0000 0.0000 0.0000 0.0000 0.0000 0.0000 0.0000 0.0000 0.0000
0.0000 0.0000 0.0000 0.0000 0.0000 0.0000 0.0000 0.0001 0.0000 0.0000 0.0000 0.0000 0.0000 0.0000 0.0000 0.0000 0.0000 0.0005 0.0002 0.0007 0.0000 0.0008 0.0000 0.0001 0.0000 0.4670 0.1845 0.0000 0.0000 0.0000 0.0000 0.0613 0.1961 0.0872 0.0000 0.0000 0.0000 0.0008 0.0000 0.0008 0.0000 0.0000 0.0000 0.0000 0.0000 0.0000 0.0000 0.0000 0.0000 0.0000
0.0000 0.0000 0.0000 0.0000 0.0000 0.0000 0.0000 0.0098 0.0000 0.0000 0.0000 0.0000 0.0000 0.0000 0.0021 0.0000 0.0000 0.0309 0.0169 0.0108 0.0000 0.0090 0.0000 0.0034 0.0000 0.7427 0.1417 0.0000 0.0000 0.0000 0.0000 0.0235 0.0056 0.0028 0.0000 0.0000 0.0000 0.0005 0.0000 0.0001 0.0000 0.0000 0.0000 0.0000 0.0000 0.0000 0.0000 0.0000 0.0000 0.0000
0.0000 0.0000 0.0000 0.0000 0.0000 0.0000 0.0000 0.0094 0.0000 0.0000 0.0000 0.0000 0.0000 0.0000 0.0020 0.0000 0.0001 0.0315 0.0178 0.0117 0.0000 0.0112 0.0000 0.0037 0.0000 0.6818 0.2047 0.0000 0.0000 0.0000 0.0000 0.0170 0.0057 0.0027 0.0000 0.0000 0.0000 0.0004 0.0000 0.0001 0.0000 0.0000 0.0000 0.0000 0.0000 0.0000 0.0000 0.0000 0.0000 0.0000
0.0000 0.0000 0.0000 0.0000 0.0000 0.0000 0.0001 0.0106 0.0000 0.0000 0.0000 0.0000 0.0000 0.0000 0.0033 0.0000 0.0001 0.0357 0.0221 0.0144 0.0000 0.0179 0.0000 0.0071 0.0000 0.5581 0.3144 0.0000 0.0001 0.0000 0.0000 0.0096 0.0042 0.0018 0.0000 0.0000 0.0000 0.0002 0.0000 0.0001 0.0000 0.0000 0.0000 0.0000 0.0000 0.0000 0.0000 0.0000 0.0000 0.0000
0.0000 0.0000 0.0000 0.0000 0.0000 0.0000 0.0000 0.0009 0.0000 0.0000 0.0000 0.0000 0.0000 0.0000 0.0000 0.0000 0.0000 0.0016 0.0008 0.0018 0.0000 0.0072 0.0001 0.0014 0.0000 0.4623 0.4698 0.0001 0.0002 0.0000 0.0000 0.0094 0.0287 0.0148 0.0001 0.0001 0.0001 0.0003 0.0000 0.0002 0.0000 0.0000 0.0000 0.0000 0.0000 0.0000 0.0000 0.0000 0.0000 0.0000
0.0000 0.0000 0.0000 0.0000 0.0000 0.0000 0.0000 0.0026 0.0000 0.0000 0.0000 0.0000 0.0000 0.0000 0.0001 0.0000 0.0000 0.0018 0.0008 0.0014 0.0000 0.0073 0.0000 0.0030 0.0000 0.4822 0.4700 0.0000 0.0001 0.0000 0.0000 0.0073 0.0154 0.0073 0.0000 0.0001 0.0000 0.0003 0.0000 0.0002 0.0000 0.0000 0.0000 0.0000 0.0000 0.0000 0.0000 0.0000 0.0000 0.0000
0.0004 0.0000 0.0000 0.0000 0.0000 0.0000 0.0001 0.0003 0.0000 0.0000 0.0000 0.0000 0.0000 0.0000 0.0000 0.0006 0.0010 0.0040 0.0021 0.0049 0.0007 0.0107 0.0021 0.0005 0.0001 0.3528 0.4718 0.0006 0.0008 0.0001 0.0002 0.0154 0.0870 0.0420 0.0003 0.0001 0.0007 0.0003 0.0000 0.0002 0.0000 0.0000 0.0000 0.0000 0.0000 0.0000 0.0000 0.0000 0.0000 0.0000
0.0002 0.0000 0.0000 0.0000 0.0005 0.0000 0.0003 0.0121 0.0000 0.0000 0.0000 0.0000 0.0000 0.0000 0.0074 0.0000 0.0003 0.0251 0.0178 0.0095 0.0002 0.0250 0.0002 0.0121 0.0000 0.2733 0.6114 0.0001 0.0011 0.0000 0.0000 0.0013 0.0011 0.0004 0.0001 0.0001 0.0001 0.0000 0.0000 0.0000 0.0000 0.0000 0.0000 0.0000 0.0000 0.0000 0.0000 0.0000 0.0000 0.0000
0.0000 0.0000 0.0000 0.0000 0.0000 0.0000 0.0000 0.0005 0.0000 0.0000 0.0000 0.0000 0.0000 0.0000 0.0000 0.0000 0.0000 0.0003 0.0001 0.0003 0.0000 0.0025 0.0000 0.0006 0.0000 0.4330 0.4945 0.0000 0.0001 0.0000 0.0000 0.0074 0.0401 0.0197 0.0001 0.0001 0.0001 0.0002 0.0000 0.0002 0.0000 0.0000 0.0000 0.0000 0.0000 0.0000 0.0000 0.0000 0.0000 0.0000
0.0001 0.0000 0.0000 0.0000 0.0005 0.0000 0.0001 0.0335 0.0001 0.0000 0.0000 0.0000 0.0000 0.0001 0.0149 0.0000 0.0000 0.0159 0.0090 0.0047 0.0000 0.0199 0.0000 0.0204 0.0000 0.3730 0.5041 0.0000 0.0006 0.0000 0.0000 0.0014 0.0009 0.0004 0.0000 0.0001 0.0001 0.0001 0.0000 0.0000 0.0000 0.0000 0.0000 0.0000 0.0000 0.0000 0.0000 0.0000 0.0000 0.0000
0.0000 0.0000 0.0000 0.0000 0.0000 0.0000 0.0000 0.0001 0.0000 0.0000 0.0000 0.0000 0.0000 0.0000 0.0000 0.0000 0.0000 0.0002 0.0001 0.0003 0.0000 0.0013 0.0001 0.0001 0.0000 0.3443 0.3075 0.0001 0.0000 0.0000 0.0000 0.0226 0.2224 0.0997 0.0001 0.0000 0.0001 0.0003 0.0000 0.0006 0.0000 0.0000 0.0000 0.0000 0.0000 0.0000 0.0000 0.0000 0.0000 0.0000
0.0000 0.0000 0.0000 0.0000 0.0000 0.0000 0.0000 0.0004 0.0000 0.0000 0.0000 0.0000 0.0000 0.0000 0.0000 0.0000 0.0000 0.0002 0.0001 0.0002 0.0000 0.0024 0.0000 0.0007 0.0000 0.4060 0.5037 0.0000 0.0001 0.0000 0.0000 0.0068 0.0531 0.0255 0.0001 0.0001 0.0001 0.0002 0.0000 0.0003 0.0000 0.0000 0.0000 0.0000 0.0000 0.0000 0.0000 0.0000 0.0000 0.0000
0.0000 0.0000 0.0000 0.0000 0.0000 0.0000 0.0000 0.0001 0.0000 0.0000 0.0000 0.0000 0.0000 0.0000 0.0000 0.0000 0.0000 0.0002 0.0001 0.0004 0.0000 0.0021 0.0001 0.0002 0.0000 0.3437 0.4393 0.0001 0.0001 0.0000 0.0000 0.0115 0.1435 0.0576 0.0001 0.0000 0.0001 0.0002 0.0000 0.0004 0.0000 0.0000 0.0000 0.0000 0.0000 0.0000 0.0000 0.0000 0.0000 0.0000
0.0000 0.0000 0.0000 0.0000 0.0000 0.0000 0.0000 0.0001 0.0000 0.0000 0.0000 0.0000 0.0000 0.0000 0.0000 0.0000 0.0000 0.0002 0.0001 0.0004 0.0000 0.0021 0.0001 0.0002 0.0000 0.3696 0.3291 0.0001 0.0000 0.0000 0.0000 0.0157 0.1947 0.0865 0.0001 0.0000 0.0001 0.0002 0.0000 0.0005 0.0000 0.0000 0.0000 0.0000 0.0000 0.0000 0.0000 0.0000 0.0000 0.0000
0.0001 0.0000 0.0000 0.0000 0.0000 0.0000 0.0000 0.0001 0.0000 0.0000 0.0000 0.0000 0.0000 0.0000 0.0000 0.0002 0.0001 0.0007 0.0003 0.0011 0.0003 0.0056 0.0009 0.0002 0.0001 0.3630 0.4932 0.0002 0.0003 0.0000 0.0000 0.0067 0.0871 0.0388 0.0002 0.0000 0.0003 0.0001 0.0000 0.0001 0.0000 0.0000 0.0000 0.0000 0.0000 0.0000 0.0000 0.0000 0.0000 0.0000
0.0000 0.0000 0.0000 0.0000 0.0000 0.0000 0.0000 0.0001 0.0000 0.0000 0.0000 0.0000 0.0000 0.0000 0.0000 0.0001 0.0000 0.0002 0.0001 0.0004 0.0001 0.0020 0.0002 0.0001 0.0000 0.3545 0.4630 0.0001 0.0001 0.0000 0.0000 0.0079 0.1231 0.0475 0.0000 0.0000 0.0001 0.0001 0.0000 0.0002 0.0000 0.0000 0.0000 0.0000 0.0000 0.0000 0.0000 0.0000 0.0000 0.0000
0.0000 0.0000 0.0000 0.0000 0.0000 0.0000 0.0000 0.0000 0.0000 0.0000 0.0000 0.0000 0.0000 0.0000 0.0000 0.0000 0.0000 0.0001 0.0000 0.0001 0.0000 0.0007 0.0000 0.0001 0.0000 0.3588 0.3231 0.0000 0.0000 0.0000 0.0000 0.0140 0.2243 0.0777 0.0000 0.0000 0.0000 0.0002 0.0000 0.0007 0.0000 0.0000 0.0000 0.0000 0.0000 0.0000 0.0000 0.0000 0.0000 0.0000
0.0000 0.0000 0.0000 0.0000 0.0000 0.0000 0.0000 0.0013 0.0000 0.0000 0.0000 0.0000 0.0000 0.0000 0.0000 0.0000 0.0000 0.0001 0.0000 0.0001 0.0000 0.0032 0.0000 0.0036 0.0000 0.3770 0.6015 0.0000 0.0001 0.0000 0.0000 0.0011 0.0080 0.0036 0.0001 0.0002 0.0000 0.0001 0.0000 0.0001 0.0000 0.0000 0.0000 0.0000 0.0000 0.0000 0.0000 0.0000 0.0000 0.0000
0.0000 0.0000 0.0000 0.0000 0.0000 0.0000 0.0000 0.0002 0.0000 0.0000 0.0000 0.0000 0.0000 0.0000 0.0000 0.0000 0.0000 0.0002 0.0000 0.0003 0.0000 0.0025 0.0001 0.0006 0.0000 0.3650 0.4867 0.0000 0.0000 0.0000 0.0000 0.0072 0.1025 0.0341 0.0000 0.0000 0.0000 0.0001 0.0000 0.0004 0.0000 0.0000 0.0000 0.0000 0.0000 0.0000 0.0000 0.0000 0.0000 0.0000
0.0000 0.0000 0.0000 0.0000 0.0000 0.0000 0.0000 0.0115 0.0000 0.0000 0.0000 0.0000 0.0000 0.0000 0.0001 0.0000 0.0000 0.0001 0.0000 0.0001 0.0000 0.0033 0.0000 0.0191 0.0000 0.4502 0.5108 0.0000 0.0000 0.0000 0.0000 0.0010 0.0025 0.0009 0.0000 0.0001 0.0000 0.0001 0.0000 0.0002 0.0000 0.0000 0.0000 0.0000 0.0000 0.0000 0.0000 0.0000 0.0000 0.0000
