0.0000 0.0000 0.0000 0.0000 0.0000 0.0000 0.0000 0.0000 0.0000 0.0000 0.0000 0.0000 0.0000 0.0000 0.0000 0.0000 0.0000 0.0000 0.0000 0.0000 0.0000 0.0000 0.0000 0.0000 0.0000 0.0000 0.0001 0.0000 0.0000 0.0000 0.0000 0.0239 0.0303 0.1500 0.0000 0.0001 0.0000 0.6039 0.0000 0.1915 0.0000 0.0000 0.0000 0.0000 0.0000 0.0000 0.0000 0.0000 0.0000 0.0000
0.0000 0.0000 0.0000 0.0000 0.0000 0.0000 0.0000 0.0000 0.0000 0.0000 0.0000 0.0000 0.0000 0.0000 0.0000 0.0000 0.0000 0.0000 0.0000 0.0000 0.0000 0.0000 0.0000 0.0000 0.0000 0.0001 0.0002 0.0000 0.0000 0.0000 0.0000 0.0387 0.0443 0.1614 0.0001 0.0001 0.0001 0.5652 0.0000 0.1895 0.0000 0.0000 0.0000 0.0000 0.0000 0.0001 0.0000 0.0000 0.0000 0.0000
0.0000 0.0000 0.0000 0.0000 0.0000 0.0000 0.0000 0.0000 0.0000 0.0000 0.0000 0.0000 0.0000 0.0000 0.0000 0.0000 0.0000 0.0000 0.0000 0.0000 0.0000 0.0000 0.0000 0.0000 0.0000 0.0000 0.0000 0.0000 0.0000 0.0000 0.0000 0.0135 0.0200 0.1360 0.0001 0.0000 0.0001 0.6522 0.0000 0.1778 0.0000 0.0000 0.0000 0.0000 0.0000 0.0000 0.0000 0.0000 0.0000 0.0000
0.0000 0.0000 0.0000 0.0000 0.0000 0.0000 0.0000 0.0000 0.0000 0.0000 0.0000 0.0000 0.0000 0.0000 0.0000 0.0000 0.0000 0.0000 0.0000 0.0000 0.0000 0.0000 0.0000 0.0000 0.0000 0.0000 0.0000 0.0000 0.0000 0.0000 0.0000 0.0145 0.0213 0.1459 0.0001 0.0000 0.0001 0.6570 0.0000 0.1609 0.0000 0.0000 0.0000 0.0000 0.0001 0.0000 0.0000 0.0000 0.0000 0.0000
0.0000 0.0000 0.0000 0.0000 0.0000 0.0000 0.0000 0.0000 0.0000 0.0000 0.0000 0.0000 0.0000 0.0000 0.0000 0.0000 0.0000 0.0000 0.0000 0.0000 0.0000 0.0000 0.0000 0.0000 0.0000 0.0005 0.0003 0.0000 0.0000 0.0000 0.0000 0.0331 0.0357 0.1438 0.0001 0.0001 0.0001 0.6282 0.0000 0.1578 0.0000 0.0000 0.0000 0.0000 0.0000 0.0000 0.0000 0.0000 0.0000 0.0000
0.0000 0.0000 0.0000 0.0000 0.0000 0.0000 0.0000 0.0000 0.0000 0.0000 0.0000 0.0000 0.0000 0.0000 0.0000 0.0000 0.0000 0.0000 0.0000 0.0000 0.0000 0.0000 0.0000 0.0000 0.0000 0.0001 0.0001 0.0000 0.0000 0.0000 0.0000 0.0265 0.0306 0.1510 0.0001 0.0001 0.0001 0.6156 0.0000 0.1758 0.0000 0.0000 0.0000 0.0000 0.0000 0.0000 0.0000 0.0000 0.0000 0.0000
0.0000 0.0000 0.0000 0.0000 0.0000 0.0000 0.0000 0.0000 0.0000 0.0000 0.0000 0.0000 0.0000 0.0000 0.0000 0.0000 0.0000 0.0000 0.0000 0.0000 0.0000 0.0000 0.0000 0.0000 0.0000 0.0002 0.0002 0.0000 0.0000 0.0000 0.0000 0.0465 0.0416 0.1696 0.0000 0.0000 0.0000 0.6051 0.0000 0.1367 0.0000 0.0000 0.0000 0.0000 0.0000 0.0000 0.0000 0.0000 0.0000 0.0000
0.0001 0.0001 0.0000 0.0001 0.0001 0.0003 0.0003 0.0020 0.0011 0.0002 0.0002 0.0001 0.0001 0.0002 0.0002 0.0000 0.0000 0.0000 0.0000 0.0000 0.0000 0.0000 0.0000 0.0002 0.0000 0.0052 0.0024 0.0000 0.0000 0.0000 0.0003 0.0273 0.0354 0.0839 0.0011 0.0020 0.0008 0.4207 0.0004 0.4095 0.0004 0.0009 0.0004 0.0001 0.0001 0.0001 0.0000 0.0003 0.0003 0.0031
0.0005 0.0006 0.0002 0.0002 0.0003 0.0011 0.0008 0.0291 0.0061 0.0005 0.0006 0.0002 0.0003 0.0012 0.0022 0.0001 0.0001 0.0004 0.0002 0.0002 0.0000 0.0001 0.0001 0.0014 0.0001 0.0246 0.0078 0.0000 0.0000 0.0000 0.0007 0.0733 0.0728 0.1132 0.0015 0.0043 0.0012 0.3804 0.0008 0.2636 0.0003 0.0006 0.0004 0.0001 0.0002 0.0002 0.0001 0.0003 0.0004 0.0068
0.0000 0.0000 0.0000 0.0000 0.0000 0.0000 0.0000 0.0000 0.0000 0.0000 0.0000 0.0000 0.0000 0.0000 0.0000 0.0000 0.0000 0.0000 0.0000 0.0000 0.0000 0.0000 0.0000 0.0000 0.0000 0.0000 0.0001 0.0000 0.0000 0.0000 0.0000 0.0274 0.0328 0.1650 0.0000 0.0000 0.0000 0.6252 0.0000 0.1493 0.0000 0.0000 0.0000 0.0000 0.0000 0.0000 0.0000 0.0000 0.0000 0.0000
0.0000 0.0000 0.0000 0.0000 0.0000 0.0000 0.0000 0.0000 0.0000 0.0000 0.0000 0.0000 0.0000 0.0000 0.0000 0.0000 0.0000 0.0000 0.0000 0.0000 0.0000 0.0000 0.0000 0.0000 0.0000 0.0000 0.0000 0.0000 0.0000 0.0000 0.0000 0.0176 0.0255 0.1538 0.0001 0.0000 0.0000 0.6374 0.0000 0.1654 0.0000 0.0000 0.0000 0.0000 0.0000 0.0000 0.0000 0.0000 0.0000 0.0000
0.0000 0.0000 0.0000 0.0000 0.0000 0.0000 0.0000 0.0000 0.0000 0.0000 0.0000 0.0000 0.0000 0.0000 0.0000 0.0000 0.0000 0.0000 0.0000 0.0000 0.0000 0.0000 0.0000 0.0000 0.0000 0.0000 0.0000 0.0000 0.0000 0.0000 0.0000 0.0106 0.0175 0.1384 0.0001 0.0000 0.0001 0.6675 0.0000 0.1655 0.0000 0.0000 0.0000 0.0000 0.0001 0.0001 0.0000 0.0000 0.0000 0.0000
0.0000 0.0000 0.0000 0.0000 0.0000 0.0000 0.0000 0.0000 0.0000 0.0000 0.0000 0.0000 0.0000 0.0000 0.0000 0.0000 0.0000 0.0000 0.0000 0.0000 0.0000 0.0000 0.0000 0.0000 0.0000 0.0000 0.0001 0.0000 0.0000 0.0000 0.0000 0.0192 0.0266 0.1548 0.0001 0.0001 0.0001 0.6299 0.0000 0.1689 0.0000 0.0000 0.0000 0.0000 0.0001 0.0001 0.0000 0.0000 0.0000 0.0000
0.0002 0.0002 0.0000 0.0001 0.0001 0.0002 0.0004 0.0032 0.0016 0.0002 0.0002 0.0001 0.0001 0.0004 0.0006 0.0000 0.0001 0.0001 0.0001 0.0001 0.0000 0.0000 0.0000 0.0002 0.0000 0.0060 0.0030 0.0000 0.0000 0.0000 0.0003 0.0782 0.0736 0.1499 0.0013 0.0026 0.0012 0.4461 0.0004 0.2247 0.0003 0.0005 0.0004 0.0002 0.0004 0.0004 0.0001 0.0003 0.0003 0.0019
0.0000 0.0000 0.0000 0.0000 0.0000 0.0000 0.0001 0.0000 0.0001 0.0000 0.0000 0.0000 0.0000 0.0000 0.0000 0.0000 0.0000 0.0000 0.0000 0.0000 0.0000 0.0000 0.0000 0.0000 0.0000 0.0001 0.0004 0.0000 0.0000 0.0000 0.0001 0.0154 0.0347 0.1299 0.0031 0.0029 0.0017 0.5393 0.0003 0.2665 0.0004 0.0013 0.0006 0.0002 0.0005 0.0005 0.0000 0.0004 0.0002 0.0008
0.0000 0.0000 0.0000 0.0000 0.0000 0.0000 0.0000 0.0000 0.0000 0.0000 0.0000 0.0000 0.0000 0.0000 0.0000 0.0000 0.0000 0.0000 0.0000 0.0000 0.0000 0.0000 0.0000 0.0000 0.0000 0.0000 0.0001 0.0000 0.0000 0.0000 0.0000 0.0168 0.0236 0.1610 0.0001 0.0000 0.0001 0.6520 0.0000 0.1460 0.0000 0.0000 0.0000 0.0000 0.0001 0.0001 0.0000 0.0000 0.0000 0.0000
0.0000 0.0000 0.0000 0.0000 0.0000 0.0000 0.0000 0.0000 0.0000 0.0000 0.0000 0.0000 0.0000 0.0000 0.0000 0.0000 0.0000 0.0000 0.0000 0.0000 0.0000 0.0000 0.0000 0.0000 0.0000 0.0001 0.0002 0.0000 0.0000 0.0000 0.0000 0.0236 0.0333 0.1746 0.0000 0.0000 0.0001 0.6400 0.0000 0.1280 0.0000 0.0000 0.0000 0.0000 0.0000 0.0000 0.0000 0.0000 0.0000 0.0000
0.0000 0.0000 0.0000 0.0000 0.0000 0.0000 0.0000 0.0000 0.0000 0.0000 0.0000 0.0000 0.0000 0.0000 0.0000 0.0000 0.0000 0.0000 0.0000 0.0000 0.0000 0.0000 0.0000 0.0000 0.0000 0.0000 0.0000 0.0000 0.0000 0.0000 0.0000 0.0010 0.0082 0.0890 0.0022 0.0007 0.0008 0.6525 0.0000 0.2436 0.0002 0.0010 0.0003 0.0000 0.0002 0.0002 0.0000 0.0001 0.0000 0.0000
0.0000 0.0000 0.0000 0.0000 0.0000 0.0000 0.0000 0.0000 0.0000 0.0000 0.0000 0.0000 0.0000 0.0000 0.0000 0.0000 0.0000 0.0000 0.0000 0.0000 0.0000 0.0000 0.0000 0.0000 0.0000 0.0000 0.0000 0.0000 0.0000 0.0000 0.0000 0.0015 0.0104 0.1027 0.0013 0.0005 0.0004 0.6508 0.0000 0.2315 0.0001 0.0005 0.0001 0.0000 0.0001 0.0001 0.0000 0.0000 0.0000 0.0000
0.0000 0.0000 0.0000 0.0000 0.0000 0.0000 0.0000 0.0000 0.0000 0.0000 0.0000 0.0000 0.0000 0.0000 0.0000 0.0000 0.0000 0.0000 0.0000 0.0000 0.0000 0.0000 0.0000 0.0000 0.0000 0.0000 0.0000 0.0000 0.0000 0.0000 0.0000 0.0027 0.0167 0.1136 0.0027 0.0013 0.0007 0.5946 0.0000 0.2659 0.0001 0.0010 0.0003 0.0001 0.0002 0.0002 0.0000 0.0001 0.0000 0.0001
0.0000 0.0000 0.0000 0.0000 0.0000 0.0000 0.0000 0.0000 0.0000 0.0000 0.0000 0.0000 0.0000 0.0000 0.0000 0.0000 0.0000 0.0000 0.0000 0.0000 0.0000 0.0000 0.0000 0.0000 0.0000 0.0000 0.0001 0.0000 0.0000 0.0000 0.0000 0.0241 0.0321 0.1676 0.0000 0.0000 0.0000 0.6368 0.0000 0.1391 0.0000 0.0000 0.0000 0.0000 0.0000 0.0000 0.0000 0.0000 0.0000 0.0000
0.0000 0.0000 0.0000 0.0000 0.0000 0.0000 0.0000 0.0000 0.0000 0.0000 0.0000 0.0000 0.0000 0.0000 0.0000 0.0000 0.0000 0.0000 0.0000 0.0000 0.0000 0.0000 0.0000 0.0000 0.0000 0.0000 0.0000 0.0000 0.0000 0.0000 0.0000 0.0027 0.0160 0.1097 0.0055 0.0024 0.0016 0.5947 0.0001 0.2626 0.0003 0.0021 0.0006 0.0001 0.0004 0.0004 0.0000 0.0002 0.0001 0.0002
0.0000 0.0000 0.0000 0.0000 0.0000 0.0000 0.0000 0.0000 0.0000 0.0000 0.0000 0.0000 0.0000 0.0000 0.0000 0.0000 0.0000 0.0000 0.0000 0.0000 0.0000 0.0000 0.0000 0.0000 0.0000 0.0002 0.0004 0.0000 0.0000 0.0000 0.0000 0.0486 0.0525 0.1989 0.0001 0.0001 0.0001 0.5654 0.0000 0.1333 0.0000 0.0000 0.0000 0.0000 0.0001 0.0001 0.0000 0.0000 0.0000 0.0000
0.0004 0.0011 0.0003 0.0006 0.0006 0.0011 0.0006 0.0001 0.0011 0.0005 0.0005 0.0002 0.0002 0.0003 0.0002 0.0000 0.0001 0.0000 0.0000 0.0001 0.0000 0.0000 0.0000 0.0004 0.0000 0.0002 0.0019 0.0001 0.0001 0.0000 0.0021 0.0130 0.0427 0.1070 0.0571 0.0518 0.0183 0.3525 0.0087 0.2570 0.0050 0.0265 0.0084 0.0032 0.0036 0.0035 0.0012 0.0072 0.0025 0.0176
0.0000 0.0000 0.0000 0.0000 0.0000 0.0000 0.0000 0.0000 0.0000 0.0000 0.0000 0.0000 0.0000 0.0000 0.0000 0.0000 0.0000 0.0000 0.0000 0.0000 0.0000 0.0000 0.0000 0.0000 0.0000 0.0003 0.0005 0.0000 0.0000 0.0000 0.0000 0.0418 0.0452 0.1823 0.0002 0.0003 0.0003 0.5666 0.0000 0.1615 0.0001 0.0001 0.0001 0.0001 0.0003 0.0003 0.0000 0.0000 0.0000 0.0000
0.0054 0.0051 0.0041 0.0056 0.0092 0.0156 0.0035 0.2656 0.0339 0.0036 0.0073 0.0060 0.0055 0.0140 0.0347 0.0011 0.0012 0.0104 0.0040 0.0050 0.0005 0.0163 0.0017 0.1798 0.0026 0.0955 0.0414 0.0004 0.0003 0.0004 0.0032 0.0210 0.0212 0.0155 0.0024 0.0091 0.0015 0.0327 0.0032 0.0529 0.0009 0.0024 0.0010 0.0004 0.0002 0.0002 0.0005 0.0011 0.0014 0.0494
0.0053 0.0066 0.0036 0.0040 0.0066 0.0106 0.0033 0.1664 0.0514 0.0046 0.0067 0.0047 0.0046 0.0203 0.0602 0.0012 0.0013 0.0223 0.0102 0.0127 0.0008 0.0295 0.0015 0.1825 0.0016 0.0360 0.0304 0.0004 0.0005 0.0005 0.0036 0.0438 0.0412 0.0278 0.0050 0.0162 0.0019 0.0422 0.0036 0.0591 0.0009 0.0035 0.0015 0.0009 0.0004 0.0006 0.0007 0.0018 0.0012 0.0535
0.0000 0.0000 0.0000 0.0000 0.0000 0.0000 0.0000 0.0000 0.0000 0.0000 0.0000 0.0000 0.0000 0.0000 0.0000 0.0000 0.0000 0.0000 0.0000 0.0000 0.0000 0.0000 0.0000 0.0000 0.0000 0.0008 0.0009 0.0000 0.0000 0.0000 0.0000 0.0839 0.0684 0.1915 0.0002 0.0003 0.0002 0.4872 0.0000 0.1659 0.0000 0.0001 0.0001 0.0000 0.0002 0.0002 0.0000 0.0000 0.0000 0.0001
0.0000 0.0000 0.0000 0.0000 0.0000 0.0000 0.0000 0.0006 0.0002 0.0000 0.0000 0.0000 0.0000 0.0001 0.0002 0.0000 0.0000 0.0000 0.0001 0.0001 0.0000 0.0000 0.0000 0.0001 0.0000 0.0032 0.0021 0.0000 0.0000 0.0000 0.0000 0.1250 0.0911 0.1885 0.0002 0.0006 0.0002 0.4418 0.0000 0.1449 0.0000 0.0001 0.0001 0.0001 0.0001 0.0002 0.0000 0.0000 0.0000 0.0003
0.0000 0.0000 0.0000 0.0000 0.0000 0.0000 0.0000 0.0000 0.0000 0.0000 0.0000 0.0000 0.0000 0.0000 0.0000 0.0000 0.0000 0.0000 0.0000 0.0000 0.0000 0.0000 0.0000 0.0000 0.0000 0.0001 0.0002 0.0000 0.0000 0.0000 0.0000 0.0445 0.0450 0.1702 0.0002 0.0002 0.0002 0.5367 0.0000 0.2018 0.0000 0.0001 0.0001 0.0000 0.0002 0.0002 0.0000 0.0000 0.0000 0.0001
0.0000 0.0000 0.0000 0.0000 0.0000 0.0000 0.0000 0.0003 0.0001 0.0000 0.0000 0.0000 0.0000 0.0000 0.0001 0.0000 0.0000 0.0000 0.0000 0.0001 0.0000 0.0000 0.0000 0.0002 0.0000 0.0010 0.0018 0.0000 0.0000 0.0000 0.0000 0.0875 0.0972 0.1663 0.0004 0.0011 0.0002 0.4110 0.0000 0.2314 0.0000 0.0001 0.0001 0.0000 0.0001 0.0001 0.0000 0.0000 0.0000 0.0006
0.0012 0.0015 0.0009 0.0009 0.0020 0.0037 0.0003 0.3720 0.0425 0.0010 0.0021 0.0013 0.0009 0.0077 0.0588 0.0001 0.0001 0.0161 0.0030 0.0035 0.0001 0.0223 0.0001 0.3936 0.0001 0.0071 0.0053 0.0000 0.0000 0.0000 0.0004 0.0047 0.0046 0.0016 0.0004 0.0028 0.0001 0.0023 0.0004 0.0060 0.0000 0.0003 0.0001 0.0000 0.0000 0.0000 0.0000 0.0001 0.0000 0.0278
0.0008 0.0011 0.0006 0.0006 0.0016 0.0027 0.0003 0.3629 0.0390 0.0007 0.0016 0.0010 0.0007 0.0071 0.0621 0.0001 0.0001 0.0185 0.0034 0.0041 0.0000 0.0263 0.0001 0.4108 0.0001 0.0069 0.0047 0.0000 0.0000 0.0000 0.0003 0.0047 0.0042 0.0014 0.0003 0.0020 0.0000 0.0019 0.0003 0.0055 0.0000 0.0002 0.0000 0.0000 0.0000 0.0000 0.0000 0.0001 0.0000 0.0212
0.0004 0.0004 0.0003 0.0003 0.0007 0.0011 0.0001 0.4870 0.0258 0.0004 0.0008 0.0006 0.0004 0.0049 0.0615 0.0001 0.0001 0.0243 0.0037 0.0035 0.0000 0.0295 0.0001 0.3370 0.0001 0.0054 0.0019 0.0000 0.0000 0.0000 0.0001 0.0013 0.0008 0.0002 0.0000 0.0003 0.0000 0.0002 0.0001 0.0008 0.0000 0.0000 0.0000 0.0000 0.0000 0.0000 0.0000 0.0000 0.0000 0.0056
0.0003 0.0004 0.0001 0.0001 0.0001 0.0005 0.0003 0.0830 0.0131 0.0002 0.0002 0.0001 0.0002 0.0027 0.0176 0.0000 0.0001 0.0052 0.0025 0.0031 0.0000 0.0029 0.0000 0.0149 0.0000 0.0187 0.0100 0.0000 0.0000 0.0000 0.0003 0.2091 0.1377 0.1081 0.0007 0.0032 0.0002 0.1771 0.0002 0.1795 0.0000 0.0002 0.0001 0.0001 0.0001 0.0001 0.0000 0.0001 0.0000 0.0066
0.0011 0.0014 0.0004 0.0004 0.0009 0.0019 0.0010 0.4365 0.0799 0.0017 0.0019 0.0008 0.0009 0.0126 0.0731 0.0002 0.0003 0.0222 0.0065 0.0054 0.0001 0.0083 0.0001 0.0504 0.0001 0.0267 0.0078 0.0000 0.0000 0.0000 0.0006 0.0731 0.0418 0.0249 0.0007 0.0034 0.0002 0.0383 0.0004 0.0594 0.0001 0.0003 0.0002 0.0001 0.0001 0.0001 0.0001 0.0002 0.0001 0.0133
0.0001 0.0001 0.0000 0.0000 0.0000 0.0001 0.0001 0.0174 0.0021 0.0000 0.0000 0.0000 0.0000 0.0006 0.0051 0.0000 0.0000 0.0018 0.0013 0.0018 0.0000 0.0011 0.0000 0.0034 0.0000 0.0144 0.0071 0.0000 0.0000 0.0000 0.0001 0.3035 0.1485 0.1339 0.0002 0.0007 0.0001 0.1900 0.0000 0.1650 0.0000 0.0001 0.0000 0.0000 0.0000 0.0001 0.0000 0.0000 0.0000 0.0012
0.0001 0.0001 0.0001 0.0000 0.0002 0.0002 0.0000 0.5639 0.0125 0.0001 0.0002 0.0003 0.0001 0.0025 0.0620 0.0001 0.0000 0.0421 0.0043 0.0027 0.0000 0.0407 0.0000 0.2654 0.0000 0.0014 0.0002 0.0000 0.0000 0.0000 0.0000 0.0001 0.0000 0.0000 0.0000 0.0000 0.0000 0.0000 0.0000 0.0000 0.0000 0.0000 0.0000 0.0000 0.0000 0.0000 0.0000 0.0000 0.0000 0.0005
0.0003 0.0004 0.0001 0.0001 0.0002 0.0005 0.0004 0.1122 0.0247 0.0004 0.0004 0.0002 0.0003 0.0048 0.0292 0.0001 0.0001 0.0093 0.0043 0.0043 0.0000 0.0036 0.0001 0.0148 0.0000 0.0243 0.0081 0.0000 0.0000 0.0000 0.0003 0.2284 0.1128 0.0887 0.0005 0.0021 0.0002 0.1446 0.0002 0.1728 0.0001 0.0002 0.0001 0.0001 0.0001 0.0001 0.0000 0.0002 0.0001 0.0054
0.0001 0.0001 0.0001 0.0001 0.0004 0.0003 0.0000 0.4797 0.0174 0.0002 0.0004 0.0005 0.0002 0.0030 0.0600 0.0001 0.0000 0.0388 0.0032 0.0020 0.0000 0.0418 0.0000 0.3496 0.0000 0.0007 0.0001 0.0000 0.0000 0.0000 0.0000 0.0000 0.0000 0.0000 0.0000 0.0000 0.0000 0.0000 0.0000 0.0000 0.0000 0.0000 0.0000 0.0000 0.0000 0.0000 0.0000 0.0000 0.0000 0.0007
0.0001 0.0001 0.0000 0.0000 0.0000 0.0001 0.0002 0.0144 0.0046 0.0001 0.0001 0.0000 0.0001 0.0014 0.0085 0.0000 0.0000 0.0035 0.0028 0.0034 0.0000 0.0018 0.0000 0.0043 0.0000 0.0105 0.0057 0.0000 0.0000 0.0000 0.0001 0.2948 0.1369 0.1289 0.0003 0.0010 0.0001 0.1803 0.0001 0.1928 0.0000 0.0002 0.0001 0.0001 0.0002 0.0002 0.0000 0.0001 0.0000 0.0017
0.0010 0.0012 0.0003 0.0002 0.0007 0.0011 0.0010 0.3270 0.0837 0.0018 0.0015 0.0007 0.0009 0.0174 0.1215 0.0004 0.0005 0.0617 0.0229 0.0177 0.0002 0.0216 0.0002 0.0542 0.0001 0.0213 0.0064 0.0000 0.0001 0.0000 0.0005 0.0975 0.0411 0.0220 0.0005 0.0023 0.0002 0.0245 0.0003 0.0351 0.0001 0.0003 0.0002 0.0001 0.0001 0.0001 0.0001 0.0003 0.0001 0.0075
0.0005 0.0006 0.0001 0.0001 0.0002 0.0005 0.0007 0.1294 0.0297 0.0008 0.0006 0.0003 0.0004 0.0079 0.0545 0.0002 0.0003 0.0263 0.0146 0.0128 0.0001 0.0097 0.0001 0.0220 0.0001 0.0299 0.0098 0.0000 0.0000 0.0000 0.0004 0.2707 0.1065 0.0736 0.0005 0.0017 0.0002 0.0853 0.0002 0.1027 0.0001 0.0003 0.0002 0.0002 0.0002 0.0003 0.0000 0.0002 0.0001 0.0046
0.0004 0.0005 0.0001 0.0001 0.0002 0.0004 0.0007 0.0825 0.0251 0.0009 0.0006 0.0002 0.0004 0.0063 0.0384 0.0001 0.0002 0.0170 0.0106 0.0083 0.0001 0.0046 0.0001 0.0101 0.0000 0.0223 0.0073 0.0000 0.0000 0.0000 0.0004 0.3156 0.1198 0.0924 0.0005 0.0016 0.0002 0.1056 0.0002 0.1208 0.0001 0.0003 0.0002 0.0002 0.0003 0.0004 0.0001 0.0003 0.0001 0.0035
0.0003 0.0002 0.0000 0.0000 0.0001 0.0003 0.0003 0.2207 0.0164 0.0003 0.0003 0.0001 0.0002 0.0047 0.0558 0.0001 0.0001 0.0294 0.0162 0.0122 0.0000 0.0088 0.0001 0.0173 0.0000 0.0471 0.0095 0.0000 0.0000 0.0000 0.0002 0.3186 0.0913 0.0511 0.0001 0.0005 0.0000 0.0459 0.0000 0.0494 0.0000 0.0000 0.0000 0.0000 0.0001 0.0001 0.0000 0.0000 0.0000 0.0017
0.0003 0.0003 0.0000 0.0000 0.0001 0.0003 0.0004 0.1154 0.0176 0.0005 0.0004 0.0002 0.0003 0.0051 0.0518 0.0001 0.0001 0.0272 0.0172 0.0129 0.0001 0.0078 0.0001 0.0149 0.0000 0.0287 0.0083 0.0000 0.0000 0.0000 0.0002 0.3748 0.1123 0.0675 0.0002 0.0007 0.0001 0.0581 0.0001 0.0734 0.0000 0.0001 0.0001 0.0001 0.0001 0.0002 0.0000 0.0001 0.0000 0.0021
0.0002 0.0002 0.0000 0.0000 0.0001 0.0002 0.0006 0.0433 0.0139 0.0007 0.0005 0.0002 0.0003 0.0037 0.0208 0.0001 0.0002 0.0091 0.0066 0.0046 0.0000 0.0018 0.0001 0.0039 0.0000 0.0221 0.0056 0.0000 0.0000 0.0000 0.0003 0.3616 0.1173 0.1025 0.0003 0.0007 0.0001 0.1192 0.0001 0.1555 0.0001 0.0002 0.0002 0.0001 0.0003 0.0004 0.0000 0.0002 0.0001 0.0017
0.0002 0.0002 0.0001 0.0000 0.0001 0.0002 0.0002 0.7786 0.0352 0.0007 0.0008 0.0005 0.0004 0.0058 0.0769 0.0002 0.0002 0.0524 0.0100 0.0032 0.0000 0.0066 0.0000 0.0146 0.0000 0.0083 0.0004 0.0000 0.0000 0.0000 0.0000 0.0026 0.0005 0.0001 0.0000 0.0000 0.0000 0.0001 0.0000 0.0002 0.0000 0.0000 0.0000 0.0000 0.0000 0.0000 0.0000 0.0000 0.0000 0.0003
0.0003 0.0003 0.0000 0.0000 0.0001 0.0003 0.0007 0.2194 0.0288 0.0010 0.0009 0.0003 0.0005 0.0070 0.0690 0.0001 0.0002 0.0345 0.0185 0.0103 0.0000 0.0063 0.0001 0.0141 0.0000 0.0440 0.0070 0.0000 0.0000 0.0000 0.0002 0.3076 0.0772 0.0452 0.0001 0.0004 0.0001 0.0402 0.0000 0.0624 0.0000 0.0001 0.0001 0.0001 0.0001 0.0001 0.0000 0.0001 0.0001 0.0019
0.0003 0.0004 0.0002 0.0001 0.0008 0.0005 0.0003 0.6443 0.1484 0.0050 0.0060 0.0030 0.0010 0.0116 0.0979 0.0002 0.0003 0.0449 0.0043 0.0009 0.0000 0.0038 0.0000 0.0237 0.0001 0.0007 0.0001 0.0000 0.0000 0.0000 0.0001 0.0002 0.0000 0.0000 0.0000 0.0000 0.0000 0.0000 0.0000 0.0000 0.0000 0.0000 0.0000 0.0000 0.0000 0.0000 0.0000 0.0000 0.0000 0.0008
