0.0002 0.0016 0.0001 0.0002 0.0012 0.0003 0.0003 0.0002 0.0137 0.0001 0.0001 0.0000 0.0001 0.0131 0.0005 0.0001 0.0001 0.0000 0.0000 0.0000 0.0000 0.0000 0.0002 0.0004 0.0003 0.0031 0.0043 0.0002 0.0013 0.0001 0.0040 0.0380 0.0632 0.1586 0.2364 0.1231 0.0251 0.1873 0.0117 0.0524 0.0008 0.0104 0.0021 0.0010 0.0019 0.0006 0.0001 0.0310 0.0002 0.0104
0.0002 0.0018 0.0002 0.0002 0.0014 0.0003 0.0003 0.0003 0.0151 0.0001 0.0001 0.0000 0.0001 0.0136 0.0007 0.0001 0.0001 0.0000 0.0000 0.0000 0.0001 0.0000 0.0003 0.0007 0.0004 0.0040 0.0056 0.0003 0.0014 0.0001 0.0040 0.0470 0.0756 0.1776 0.1976 0.1140 0.0226 0.1900 0.0103 0.0563 0.0008 0.0095 0.0021 0.0011 0.0020 0.0007 0.0002 0.0293 0.0003 0.0113
0.0001 0.0013 0.0001 0.0001 0.0008 0.0002 0.0002 0.0001 0.0108 0.0001 0.0000 0.0000 0.0001 0.0110 0.0003 0.0000 0.0001 0.0000 0.0000 0.0000 0.0000 0.0000 0.0002 0.0002 0.0002 0.0018 0.0031 0.0002 0.0009 0.0000 0.0034 0.0311 0.0537 0.1461 0.2681 0.1226 0.0266 0.2041 0.0117 0.0526 0.0007 0.0107 0.0020 0.0009 0.0017 0.0004 0.0001 0.0246 0.0001 0.0068
0.0001 0.0014 0.0001 0.0001 0.0009 0.0002 0.0002 0.0001 0.0114 0.0001 0.0000 0.0000 0.0001 0.0117 0.0003 0.0000 0.0001 0.0000 0.0000 0.0000 0.0000 0.0000 0.0002 0.0003 0.0002 0.0019 0.0032 0.0002 0.0010 0.0001 0.0034 0.0315 0.0550 0.1484 0.2583 0.1242 0.0256 0.2037 0.0117 0.0520 0.0007 0.0108 0.0020 0.0009 0.0017 0.0005 0.0001 0.0273 0.0002 0.0082
0.0002 0.0020 0.0002 0.0003 0.0016 0.0004 0.0004 0.0003 0.0177 0.0002 0.0001 0.0001 0.0002 0.0136 0.0008 0.0001 0.0002 0.0000 0.0000 0.0000 0.0001 0.0000 0.0003 0.0007 0.0004 0.0042 0.0055 0.0003 0.0015 0.0001 0.0052 0.0420 0.0626 0.1420 0.2043 0.1235 0.0273 0.1962 0.0152 0.0697 0.0013 0.0134 0.0031 0.0015 0.0025 0.0008 0.0002 0.0273 0.0003 0.0097
0.0001 0.0011 0.0001 0.0001 0.0007 0.0001 0.0001 0.0001 0.0109 0.0000 0.0000 0.0000 0.0001 0.0100 0.0003 0.0000 0.0001 0.0000 0.0000 0.0000 0.0000 0.0000 0.0001 0.0003 0.0002 0.0023 0.0035 0.0001 0.0008 0.0000 0.0026 0.0394 0.0677 0.1787 0.2188 0.1155 0.0188 0.2140 0.0086 0.0555 0.0005 0.0078 0.0014 0.0007 0.0013 0.0004 0.0001 0.0271 0.0001 0.0095
0.0002 0.0019 0.0002 0.0002 0.0013 0.0003 0.0003 0.0002 0.0148 0.0001 0.0001 0.0000 0.0001 0.0138 0.0006 0.0001 0.0001 0.0000 0.0000 0.0000 0.0001 0.0000 0.0003 0.0005 0.0004 0.0029 0.0044 0.0003 0.0014 0.0001 0.0042 0.0386 0.0633 0.1556 0.2197 0.1233 0.0255 0.1984 0.0126 0.0569 0.0010 0.0115 0.0024 0.0012 0.0021 0.0007 0.0002 0.0281 0.0002 0.0099
0.0001 0.0006 0.0001 0.0001 0.0009 0.0002 0.0002 0.0011 0.0142 0.0001 0.0000 0.0000 0.0001 0.0057 0.0008 0.0000 0.0001 0.0001 0.0000 0.0000 0.0000 0.0001 0.0001 0.0010 0.0001 0.0259 0.0126 0.0001 0.0007 0.0000 0.0023 0.1124 0.1299 0.2390 0.0717 0.0616 0.0074 0.1791 0.0039 0.0916 0.0003 0.0027 0.0007 0.0004 0.0008 0.0003 0.0001 0.0191 0.0002 0.0115
0.0009 0.0031 0.0008 0.0009 0.0040 0.0014 0.0014 0.0035 0.0257 0.0006 0.0005 0.0003 0.0006 0.0142 0.0040 0.0005 0.0008 0.0007 0.0004 0.0005 0.0005 0.0007 0.0011 0.0047 0.0011 0.0267 0.0201 0.0009 0.0028 0.0005 0.0068 0.0998 0.1130 0.1789 0.0810 0.0715 0.0175 0.1528 0.0098 0.0866 0.0019 0.0083 0.0033 0.0021 0.0032 0.0015 0.0006 0.0226 0.0010 0.0140
0.0001 0.0009 0.0001 0.0001 0.0007 0.0001 0.0001 0.0001 0.0110 0.0000 0.0000 0.0000 0.0000 0.0095 0.0003 0.0000 0.0001 0.0000 0.0000 0.0000 0.0000 0.0000 0.0001 0.0003 0.0001 0.0023 0.0033 0.0001 0.0007 0.0000 0.0026 0.0408 0.0691 0.1833 0.2163 0.1191 0.0170 0.2123 0.0080 0.0552 0.0004 0.0072 0.0012 0.0006 0.0011 0.0003 0.0001 0.0257 0.0001 0.0094
0.0001 0.0007 0.0000 0.0000 0.0005 0.0001 0.0001 0.0001 0.0093 0.0000 0.0000 0.0000 0.0000 0.0084 0.0002 0.0000 0.0000 0.0000 0.0000 0.0000 0.0000 0.0000 0.0001 0.0002 0.0001 0.0020 0.0028 0.0001 0.0005 0.0000 0.0021 0.0380 0.0670 0.1884 0.2260 0.1167 0.0156 0.2184 0.0069 0.0522 0.0003 0.0061 0.0010 0.0004 0.0009 0.0002 0.0000 0.0255 0.0001 0.0087
0.0000 0.0007 0.0000 0.0000 0.0005 0.0001 0.0001 0.0000 0.0083 0.0000 0.0000 0.0000 0.0000 0.0083 0.0001 0.0000 0.0000 0.0000 0.0000 0.0000 0.0000 0.0000 0.0001 0.0001 0.0001 0.0014 0.0022 0.0001 0.0005 0.0000 0.0021 0.0298 0.0549 0.1654 0.2709 0.1214 0.0188 0.2157 0.0080 0.0478 0.0003 0.0069 0.0010 0.0004 0.0009 0.0002 0.0000 0.0252 0.0001 0.0071
0.0001 0.0008 0.0001 0.0001 0.0006 0.0001 0.0001 0.0001 0.0098 0.0000 0.0000 0.0000 0.0000 0.0094 0.0002 0.0000 0.0000 0.0000 0.0000 0.0000 0.0000 0.0000 0.0001 0.0002 0.0001 0.0019 0.0028 0.0001 0.0006 0.0000 0.0022 0.0368 0.0664 0.1875 0.2336 0.1190 0.0167 0.2080 0.0072 0.0474 0.0003 0.0064 0.0010 0.0005 0.0010 0.0003 0.0001 0.0285 0.0001 0.0097
0.0002 0.0012 0.0001 0.0002 0.0011 0.0002 0.0002 0.0003 0.0122 0.0001 0.0000 0.0000 0.0001 0.0094 0.0006 0.0001 0.0001 0.0000 0.0000 0.0000 0.0001 0.0000 0.0002 0.0007 0.0002 0.0067 0.0073 0.0002 0.0009 0.0001 0.0026 0.0678 0.1016 0.2290 0.1338 0.0840 0.0145 0.2114 0.0060 0.0677 0.0005 0.0051 0.0012 0.0007 0.0013 0.0004 0.0001 0.0204 0.0002 0.0090
0.0001 0.0005 0.0000 0.0001 0.0007 0.0001 0.0001 0.0005 0.0124 0.0000 0.0000 0.0000 0.0000 0.0064 0.0004 0.0000 0.0001 0.0000 0.0000 0.0000 0.0000 0.0000 0.0001 0.0006 0.0001 0.0152 0.0084 0.0001 0.0006 0.0000 0.0016 0.0907 0.1283 0.2667 0.0895 0.0759 0.0060 0.1620 0.0032 0.0605 0.0002 0.0022 0.0005 0.0002 0.0006 0.0002 0.0001 0.0376 0.0003 0.0269
0.0000 0.0006 0.0000 0.0000 0.0005 0.0001 0.0001 0.0001 0.0088 0.0000 0.0000 0.0000 0.0000 0.0079 0.0002 0.0000 0.0000 0.0000 0.0000 0.0000 0.0000 0.0000 0.0001 0.0002 0.0001 0.0020 0.0027 0.0001 0.0005 0.0000 0.0017 0.0393 0.0695 0.2054 0.2184 0.1075 0.0150 0.2299 0.0056 0.0499 0.0002 0.0048 0.0007 0.0003 0.0007 0.0002 0.0000 0.0206 0.0001 0.0062
0.0001 0.0012 0.0001 0.0001 0.0011 0.0002 0.0002 0.0003 0.0153 0.0001 0.0000 0.0000 0.0001 0.0118 0.0006 0.0001 0.0001 0.0000 0.0000 0.0000 0.0000 0.0000 0.0002 0.0007 0.0003 0.0050 0.0054 0.0002 0.0010 0.0001 0.0029 0.0567 0.0901 0.2120 0.1607 0.1089 0.0145 0.1904 0.0069 0.0545 0.0005 0.0060 0.0012 0.0006 0.0013 0.0004 0.0001 0.0322 0.0002 0.0153
0.0007 0.0024 0.0008 0.0008 0.0049 0.0012 0.0017 0.0122 0.0348 0.0008 0.0005 0.0004 0.0006 0.0168 0.0051 0.0006 0.0009 0.0007 0.0004 0.0005 0.0006 0.0010 0.0012 0.0073 0.0013 0.0534 0.0213 0.0014 0.0046 0.0009 0.0070 0.0852 0.0964 0.1248 0.0509 0.0674 0.0077 0.0560 0.0075 0.0376 0.0012 0.0057 0.0023 0.0016 0.0032 0.0023 0.0020 0.1068 0.0052 0.1492
0.0010 0.0039 0.0011 0.0012 0.0063 0.0016 0.0023 0.0082 0.0395 0.0011 0.0007 0.0006 0.0009 0.0241 0.0047 0.0008 0.0012 0.0004 0.0003 0.0003 0.0008 0.0007 0.0017 0.0054 0.0021 0.0311 0.0163 0.0021 0.0070 0.0013 0.0098 0.0557 0.0696 0.0989 0.0787 0.0891 0.0136 0.0562 0.0133 0.0329 0.0020 0.0103 0.0040 0.0028 0.0052 0.0035 0.0029 0.1337 0.0065 0.1424
0.0028 0.0068 0.0034 0.0033 0.0122 0.0040 0.0058 0.0212 0.0476 0.0037 0.0026 0.0024 0.0030 0.0296 0.0105 0.0029 0.0032 0.0021 0.0015 0.0014 0.0029 0.0030 0.0044 0.0122 0.0052 0.0344 0.0181 0.0054 0.0129 0.0047 0.0133 0.0398 0.0466 0.0567 0.0498 0.0664 0.0135 0.0321 0.0155 0.0225 0.0037 0.0128 0.0065 0.0053 0.0086 0.0073 0.0081 0.1324 0.0156 0.1698
0.0002 0.0020 0.0002 0.0002 0.0015 0.0003 0.0003 0.0002 0.0172 0.0001 0.0001 0.0000 0.0001 0.0174 0.0006 0.0001 0.0001 0.0000 0.0000 0.0000 0.0001 0.0000 0.0003 0.0005 0.0004 0.0029 0.0041 0.0003 0.0017 0.0001 0.0043 0.0345 0.0611 0.1498 0.2330 0.1406 0.0230 0.1535 0.0125 0.0402 0.0008 0.0113 0.0023 0.0012 0.0023 0.0008 0.0002 0.0539 0.0004 0.0229
0.0009 0.0033 0.0010 0.0010 0.0056 0.0014 0.0019 0.0092 0.0381 0.0010 0.0006 0.0005 0.0008 0.0212 0.0046 0.0007 0.0010 0.0005 0.0003 0.0003 0.0007 0.0007 0.0014 0.0058 0.0017 0.0357 0.0178 0.0018 0.0058 0.0012 0.0084 0.0633 0.0774 0.1078 0.0684 0.0828 0.0114 0.0603 0.0115 0.0371 0.0017 0.0088 0.0035 0.0024 0.0046 0.0032 0.0027 0.1250 0.0061 0.1469
0.0002 0.0017 0.0002 0.0002 0.0013 0.0003 0.0003 0.0002 0.0162 0.0001 0.0001 0.0000 0.0001 0.0158 0.0005 0.0001 0.0001 0.0000 0.0000 0.0000 0.0001 0.0000 0.0002 0.0004 0.0004 0.0032 0.0042 0.0002 0.0014 0.0001 0.0033 0.0369 0.0662 0.1729 0.2153 0.1300 0.0212 0.1792 0.0100 0.0430 0.0006 0.0084 0.0017 0.0009 0.0018 0.0006 0.0002 0.0432 0.0003 0.0167
0.0007 0.0024 0.0007 0.0007 0.0037 0.0009 0.0012 0.0063 0.0276 0.0005 0.0004 0.0003 0.0005 0.0152 0.0031 0.0005 0.0007 0.0004 0.0002 0.0003 0.0004 0.0005 0.0009 0.0044 0.0010 0.0450 0.0214 0.0010 0.0033 0.0006 0.0050 0.0891 0.1109 0.1656 0.0570 0.0679 0.0089 0.0944 0.0074 0.0540 0.0010 0.0054 0.0021 0.0015 0.0028 0.0018 0.0014 0.0791 0.0034 0.0966
0.0001 0.0010 0.0001 0.0001 0.0007 0.0001 0.0001 0.0001 0.0103 0.0000 0.0000 0.0000 0.0000 0.0106 0.0002 0.0000 0.0001 0.0000 0.0000 0.0000 0.0000 0.0000 0.0001 0.0002 0.0002 0.0021 0.0030 0.0001 0.0007 0.0000 0.0021 0.0346 0.0646 0.1905 0.2321 0.1151 0.0193 0.2166 0.0072 0.0450 0.0004 0.0060 0.0011 0.0005 0.0011 0.0003 0.0001 0.0257 0.0001 0.0076
0.0033 0.0048 0.0029 0.0029 0.0097 0.0037 0.0047 0.0271 0.0370 0.0024 0.0020 0.0019 0.0025 0.0167 0.0109 0.0029 0.0035 0.0066 0.0041 0.0044 0.0022 0.0056 0.0033 0.0123 0.0030 0.1183 0.0411 0.0031 0.0062 0.0024 0.0066 0.1013 0.1014 0.1304 0.0294 0.0392 0.0109 0.0807 0.0070 0.0586 0.0022 0.0045 0.0030 0.0024 0.0041 0.0028 0.0025 0.0292 0.0047 0.0278
0.0049 0.0087 0.0047 0.0043 0.0124 0.0048 0.0060 0.0147 0.0405 0.0034 0.0027 0.0028 0.0038 0.0285 0.0098 0.0041 0.0040 0.0032 0.0022 0.0023 0.0030 0.0033 0.0046 0.0101 0.0052 0.0549 0.0306 0.0048 0.0097 0.0043 0.0089 0.0688 0.0843 0.1225 0.0514 0.0585 0.0184 0.0851 0.0122 0.0467 0.0035 0.0087 0.0052 0.0044 0.0071 0.0049 0.0042 0.0525 0.0074 0.0472
0.0001 0.0012 0.0001 0.0001 0.0008 0.0002 0.0001 0.0001 0.0105 0.0000 0.0000 0.0000 0.0001 0.0112 0.0002 0.0000 0.0001 0.0000 0.0000 0.0000 0.0000 0.0000 0.0001 0.0002 0.0002 0.0018 0.0028 0.0001 0.0008 0.0000 0.0024 0.0300 0.0558 0.1688 0.2517 0.1161 0.0245 0.2267 0.0088 0.0468 0.0005 0.0074 0.0013 0.0006 0.0013 0.0003 0.0001 0.0208 0.0001 0.0051
0.0001 0.0013 0.0001 0.0001 0.0009 0.0002 0.0002 0.0001 0.0126 0.0001 0.0000 0.0000 0.0001 0.0111 0.0004 0.0000 0.0001 0.0000 0.0000 0.0000 0.0000 0.0000 0.0002 0.0003 0.0002 0.0028 0.0038 0.0001 0.0009 0.0001 0.0026 0.0375 0.0640 0.1774 0.2167 0.1134 0.0228 0.2285 0.0088 0.0558 0.0005 0.0072 0.0014 0.0007 0.0013 0.0003 0.0001 0.0197 0.0001 0.0054
0.0001 0.0008 0.0000 0.0001 0.0005 0.0001 0.0001 0.0000 0.0083 0.0000 0.0000 0.0000 0.0000 0.0081 0.0002 0.0000 0.0000 0.0000 0.0000 0.0000 0.0000 0.0000 0.0001 0.0001 0.0001 0.0017 0.0024 0.0001 0.0006 0.0000 0.0020 0.0300 0.0531 0.1664 0.2542 0.1065 0.0222 0.2503 0.0077 0.0544 0.0004 0.0065 0.0010 0.0005 0.0009 0.0002 0.0000 0.0164 0.0001 0.0036
0.0003 0.0018 0.0003 0.0003 0.0023 0.0005 0.0006 0.0013 0.0219 0.0002 0.0001 0.0001 0.0002 0.0143 0.0015 0.0002 0.0003 0.0001 0.0000 0.0001 0.0001 0.0001 0.0004 0.0017 0.0005 0.0170 0.0120 0.0004 0.0018 0.0002 0.0034 0.0808 0.1153 0.2301 0.1034 0.0867 0.0128 0.1539 0.0060 0.0542 0.0006 0.0045 0.0013 0.0008 0.0017 0.0007 0.0003 0.0390 0.0006 0.0232
0.0088 0.0043 0.0090 0.0082 0.0130 0.0078 0.0119 0.1067 0.0149 0.0088 0.0090 0.0136 0.0086 0.0074 0.0252 0.0133 0.0092 0.0983 0.0909 0.0679 0.0125 0.0888 0.0083 0.0354 0.0072 0.0895 0.0248 0.0076 0.0076 0.0124 0.0036 0.0233 0.0197 0.0159 0.0025 0.0052 0.0020 0.0057 0.0018 0.0066 0.0018 0.0014 0.0018 0.0023 0.0032 0.0043 0.0088 0.0131 0.0170 0.0287
0.0082 0.0042 0.0080 0.0074 0.0128 0.0073 0.0110 0.0996 0.0155 0.0075 0.0076 0.0112 0.0076 0.0077 0.0258 0.0113 0.0084 0.0956 0.0862 0.0649 0.0108 0.0839 0.0077 0.0368 0.0066 0.1050 0.0300 0.0066 0.0072 0.0100 0.0037 0.0313 0.0266 0.0219 0.0031 0.0059 0.0023 0.0074 0.0018 0.0082 0.0017 0.0014 0.0017 0.0021 0.0031 0.0039 0.0072 0.0129 0.0146 0.0267
0.0073 0.0032 0.0068 0.0065 0.0098 0.0065 0.0093 0.0890 0.0102 0.0065 0.0070 0.0104 0.0066 0.0049 0.0239 0.0097 0.0074 0.1332 0.1249 0.0920 0.0099 0.1079 0.0066 0.0363 0.0052 0.0858 0.0252 0.0052 0.0051 0.0079 0.0028 0.0253 0.0201 0.0153 0.0018 0.0035 0.0015 0.0051 0.0012 0.0064 0.0014 0.0009 0.0013 0.0017 0.0023 0.0030 0.0053 0.0066 0.0102 0.0141
0.0017 0.0042 0.0014 0.0015 0.0059 0.0021 0.0023 0.0062 0.0281 0.0010 0.0008 0.0006 0.0011 0.0169 0.0060 0.0010 0.0015 0.0015 0.0009 0.0010 0.0008 0.0013 0.0018 0.0064 0.0018 0.0429 0.0285 0.0015 0.0040 0.0008 0.0068 0.1044 0.1206 0.1829 0.0656 0.0607 0.0171 0.1254 0.0084 0.0692 0.0020 0.0065 0.0032 0.0023 0.0038 0.0020 0.0010 0.0246 0.0018 0.0162
0.0013 0.0031 0.0009 0.0011 0.0040 0.0016 0.0016 0.0050 0.0179 0.0007 0.0006 0.0004 0.0008 0.0104 0.0047 0.0006 0.0012 0.0014 0.0009 0.0011 0.0006 0.0012 0.0013 0.0054 0.0012 0.0519 0.0339 0.0010 0.0026 0.0005 0.0057 0.1276 0.1351 0.1921 0.0505 0.0428 0.0139 0.1356 0.0065 0.0895 0.0018 0.0051 0.0028 0.0018 0.0030 0.0015 0.0007 0.0143 0.0013 0.0097
0.0026 0.0069 0.0023 0.0025 0.0077 0.0034 0.0033 0.0049 0.0307 0.0017 0.0014 0.0010 0.0019 0.0227 0.0071 0.0015 0.0021 0.0015 0.0010 0.0011 0.0013 0.0014 0.0029 0.0071 0.0030 0.0253 0.0233 0.0024 0.0059 0.0014 0.0111 0.0812 0.0963 0.1479 0.0911 0.0748 0.0275 0.1248 0.0146 0.0672 0.0039 0.0129 0.0062 0.0043 0.0062 0.0032 0.0015 0.0263 0.0022 0.0155
0.0052 0.0014 0.0048 0.0048 0.0040 0.0046 0.0056 0.0444 0.0022 0.0053 0.0067 0.0106 0.0053 0.0011 0.0134 0.0075 0.0053 0.2080 0.2371 0.1617 0.0090 0.1528 0.0044 0.0223 0.0031 0.0203 0.0073 0.0030 0.0019 0.0056 0.0011 0.0049 0.0034 0.0021 0.0003 0.0005 0.0004 0.0008 0.0003 0.0013 0.0009 0.0003 0.0006 0.0009 0.0010 0.0016 0.0031 0.0009 0.0045 0.0023
0.0010 0.0035 0.0008 0.0009 0.0036 0.0014 0.0013 0.0024 0.0199 0.0006 0.0004 0.0003 0.0007 0.0140 0.0036 0.0005 0.0008 0.0005 0.0003 0.0004 0.0004 0.0006 0.0011 0.0043 0.0012 0.0212 0.0203 0.0009 0.0027 0.0004 0.0067 0.0987 0.1191 0.1911 0.0862 0.0672 0.0185 0.1544 0.0094 0.0809 0.0020 0.0086 0.0035 0.0022 0.0034 0.0016 0.0006 0.0210 0.0010 0.0135
0.0045 0.0014 0.0043 0.0043 0.0048 0.0042 0.0056 0.0712 0.0037 0.0048 0.0057 0.0089 0.0045 0.0016 0.0161 0.0066 0.0047 0.1967 0.2047 0.1410 0.0078 0.1542 0.0040 0.0288 0.0029 0.0365 0.0102 0.0029 0.0022 0.0055 0.0012 0.0084 0.0058 0.0037 0.0004 0.0009 0.0004 0.0012 0.0004 0.0020 0.0008 0.0004 0.0006 0.0008 0.0010 0.0016 0.0033 0.0018 0.0057 0.0052
0.0003 0.0018 0.0003 0.0003 0.0019 0.0004 0.0005 0.0008 0.0182 0.0002 0.0001 0.0001 0.0002 0.0134 0.0013 0.0001 0.0002 0.0001 0.0000 0.0000 0.0001 0.0001 0.0004 0.0015 0.0005 0.0107 0.0097 0.0003 0.0015 0.0002 0.0036 0.0760 0.1097 0.2253 0.1211 0.0902 0.0146 0.1704 0.0066 0.0583 0.0007 0.0057 0.0015 0.0009 0.0017 0.0006 0.0002 0.0302 0.0004 0.0169
0.0003 0.0015 0.0003 0.0003 0.0016 0.0005 0.0004 0.0012 0.0121 0.0002 0.0001 0.0001 0.0002 0.0083 0.0016 0.0001 0.0002 0.0002 0.0001 0.0001 0.0001 0.0002 0.0004 0.0023 0.0004 0.0192 0.0158 0.0003 0.0011 0.0002 0.0028 0.1134 0.1457 0.2529 0.0632 0.0521 0.0088 0.1678 0.0042 0.0755 0.0006 0.0037 0.0012 0.0008 0.0014 0.0006 0.0002 0.0191 0.0005 0.0157
0.0002 0.0013 0.0002 0.0002 0.0014 0.0003 0.0004 0.0008 0.0133 0.0001 0.0001 0.0001 0.0001 0.0091 0.0013 0.0001 0.0002 0.0001 0.0001 0.0001 0.0001 0.0001 0.0003 0.0016 0.0003 0.0139 0.0117 0.0002 0.0010 0.0001 0.0026 0.0994 0.1348 0.2596 0.0833 0.0642 0.0098 0.1754 0.0042 0.0664 0.0005 0.0036 0.0010 0.0006 0.0012 0.0005 0.0002 0.0203 0.0003 0.0132
0.0003 0.0014 0.0002 0.0002 0.0015 0.0004 0.0004 0.0007 0.0141 0.0001 0.0001 0.0001 0.0002 0.0099 0.0013 0.0001 0.0002 0.0001 0.0000 0.0001 0.0001 0.0001 0.0003 0.0016 0.0004 0.0125 0.0112 0.0003 0.0012 0.0001 0.0031 0.0921 0.1256 0.2425 0.0976 0.0722 0.0116 0.1761 0.0052 0.0679 0.0006 0.0046 0.0013 0.0007 0.0014 0.0006 0.0002 0.0231 0.0004 0.0143
0.0008 0.0029 0.0007 0.0007 0.0033 0.0011 0.0011 0.0022 0.0198 0.0005 0.0003 0.0003 0.0005 0.0138 0.0032 0.0004 0.0006 0.0005 0.0003 0.0003 0.0004 0.0005 0.0009 0.0041 0.0010 0.0199 0.0175 0.0007 0.0024 0.0004 0.0054 0.1009 0.1251 0.2076 0.0824 0.0683 0.0152 0.1546 0.0077 0.0737 0.0014 0.0070 0.0026 0.0017 0.0027 0.0013 0.0005 0.0236 0.0009 0.0164
0.0004 0.0018 0.0004 0.0004 0.0022 0.0006 0.0006 0.0014 0.0156 0.0002 0.0002 0.0001 0.0003 0.0107 0.0022 0.0002 0.0003 0.0003 0.0001 0.0002 0.0002 0.0003 0.0005 0.0031 0.0006 0.0172 0.0152 0.0004 0.0015 0.0002 0.0037 0.1085 0.1384 0.2378 0.0771 0.0624 0.0112 0.1587 0.0052 0.0701 0.0008 0.0049 0.0016 0.0010 0.0018 0.0008 0.0003 0.0218 0.0006 0.0159
0.0001 0.0007 0.0001 0.0001 0.0007 0.0001 0.0001 0.0002 0.0095 0.0000 0.0000 0.0000 0.0000 0.0066 0.0005 0.0000 0.0001 0.0000 0.0000 0.0000 0.0000 0.0000 0.0001 0.0006 0.0001 0.0063 0.0065 0.0001 0.0005 0.0000 0.0018 0.0787 0.1141 0.2597 0.1132 0.0699 0.0102 0.2191 0.0037 0.0691 0.0003 0.0033 0.0007 0.0004 0.0008 0.0002 0.0001 0.0147 0.0001 0.0066
0.0009 0.0027 0.0007 0.0008 0.0027 0.0011 0.0010 0.0020 0.0137 0.0004 0.0003 0.0003 0.0005 0.0097 0.0029 0.0004 0.0006 0.0007 0.0004 0.0006 0.0004 0.0007 0.0009 0.0044 0.0008 0.0218 0.0216 0.0006 0.0018 0.0004 0.0042 0.1154 0.1370 0.2154 0.0576 0.0459 0.0128 0.1753 0.0060 0.0938 0.0014 0.0057 0.0025 0.0017 0.0026 0.0013 0.0005 0.0142 0.0008 0.0103
0.0001 0.0009 0.0001 0.0001 0.0009 0.0002 0.0002 0.0003 0.0099 0.0001 0.0000 0.0000 0.0001 0.0075 0.0006 0.0000 0.0001 0.0000 0.0000 0.0000 0.0000 0.0000 0.0002 0.0008 0.0002 0.0069 0.0076 0.0001 0.0007 0.0001 0.0020 0.0798 0.1180 0.2596 0.1088 0.0679 0.0111 0.2126 0.0041 0.0676 0.0004 0.0037 0.0009 0.0005 0.0010 0.0003 0.0001 0.0162 0.0002 0.0077
0.0003 0.0010 0.0002 0.0002 0.0011 0.0003 0.0003 0.0011 0.0069 0.0001 0.0001 0.0001 0.0001 0.0044 0.0013 0.0001 0.0002 0.0003 0.0002 0.0002 0.0001 0.0003 0.0003 0.0023 0.0003 0.0254 0.0203 0.0002 0.0007 0.0001 0.0018 0.1411 0.1651 0.2600 0.0358 0.0284 0.0056 0.1715 0.0025 0.0943 0.0005 0.0022 0.0009 0.0006 0.0010 0.0005 0.0002 0.0103 0.0004 0.0092
