-0.2056 -0.1139 -0.0639 0.4807 0.0211 0.3614 -0.3070 -0.0015 -0.3087 -0.7218 -0.1206 -0.0737 -0.2333 -0.2855 0.0588 0.1795 0.2869 -0.1647 0.4641 -0.6585 -0.3039 0.4775 0.2443 0.3057 0.0923 0.5033 -0.9416 -0.2362 -0.5551 0.6251 0.0156 0.2078 -0.0005 0.2467 -0.1244 0.1339 0.2779 0.3840 -0.2783 0.2190 0.5399 -0.6769
-0.2372 -0.1262 -0.0969 0.4604 -0.0390 0.3638 -0.3482 0.0622 -0.2861 -0.6447 -0.0857 -0.0634 -0.3409 -0.4441 0.0874 0.1677 0.2752 -0.0970 0.4325 -0.6542 -0.3016 0.4428 0.1855 0.3028 0.0558 0.4768 -0.8474 -0.0810 -0.4639 0.6003 0.0708 0.0637 -0.0502 0.2288 -0.1967 0.0660 0.3669 0.4677 -0.2386 0.4796 0.5014 -0.6064
-0.2220 -0.1154 -0.0640 0.4757 0.0118 0.3682 -0.3236 0.0018 -0.2979 -0.7128 -0.1138 -0.0727 -0.2598 -0.3593 0.0668 0.1634 0.2846 -0.1721 0.4608 -0.6578 -0.3033 0.4878 0.2340 0.3252 0.0692 0.4979 -0.9137 -0.1773 -0.5270 0.6135 0.0464 0.1758 -0.0222 0.2456 -0.1442 0.1229 0.3012 0.4035 -0.2791 0.2989 0.5329 -0.6501
-0.2224 -0.1356 -0.0865 0.4763 -0.0026 0.3650 -0.3456 0.0428 -0.3015 -0.6940 -0.1269 -0.0677 -0.2703 -0.3486 0.0618 0.2253 0.2852 -0.1284 0.4604 -0.6787 -0.3031 0.4560 0.2309 0.3197 0.0732 0.5123 -0.9441 -0.2046 -0.5397 0.6371 0.0478 0.1425 -0.0065 0.2376 -0.1643 0.1022 0.3401 0.4377 -0.2637 0.3056 0.5309 -0.6753
-0.2578 -0.1639 -0.0649 0.4577 -0.1122 0.3875 -0.3725 0.0733 -0.2750 -0.5579 -0.0343 -0.0516 -0.4529 -0.6735 0.0993 0.1337 0.2632 -0.0578 0.4104 -0.6473 -0.2542 0.4206 0.1514 0.3238 -0.0292 0.4397 -0.7356 0.1153 -0.3491 0.5236 0.1853 -0.1189 -0.0819 0.2056 -0.2878 -0.0075 0.4104 0.5493 -0.2311 0.7253 0.4639 -0.4833
-0.2369 -0.1309 -0.1278 0.4450 -0.0579 0.3599 -0.3468 0.0857 -0.2890 -0.6759 -0.1202 -0.0578 -0.3408 -0.4174 0.0570 0.2375 0.2754 -0.0951 0.4303 -0.6713 -0.3132 0.4589 0.1842 0.3205 0.0650 0.5191 -0.9082 -0.1441 -0.5166 0.6475 0.0556 0.0760 -0.0366 0.2323 -0.2116 0.0816 0.4012 0.4813 -0.2436 0.4331 0.5320 -0.6492
-0.2160 -0.2191 -0.0762 0.4975 -0.0451 0.3572 -0.4380 0.1489 -0.3123 -0.6381 -0.1656 -0.0462 -0.2729 -0.2978 0.0397 0.4327 0.3047 0.0173 0.4833 -0.7862 -0.3074 0.3274 0.2711 0.3214 0.0426 0.5465 -1.0682 -0.3352 -0.5896 0.7054 0.0832 0.0583 0.0499 0.1996 -0.2058 0.0247 0.4559 0.5177 -0.2185 0.2898 0.5525 -0.7531
-0.2562 -0.0323 -0.1408 0.3915 -0.2863 0.3321 -0.1352 0.0086 -0.2434 -0.6367 0.0071 -0.0672 -0.6316 -0.9069 0.0836 -0.0714 0.2519 -0.1280 0.2643 -0.4280 -0.2273 0.6266 0.0034 0.3718 0.0129 0.4789 -0.4908 0.3177 -0.3085 0.5125 0.1502 -0.1342 -0.2140 0.2795 -0.3629 0.0685 0.4109 0.5010 -0.2695 0.8793 0.5123 -0.3259
-0.3239 -0.1492 -0.3235 0.4172 -0.2113 0.3777 -0.3762 0.2074 -0.2464 -0.5074 -0.0649 -0.0715 -0.6609 -0.9327 0.1154 0.1629 0.2472 -0.0087 0.3374 -0.5429 -0.2369 0.4899 -0.0063 0.3503 0.0231 0.4800 -0.6236 0.3790 -0.2727 0.5656 0.2312 -0.3270 -0.1505 0.2432 -0.4494 -0.0436 0.5712 0.7474 -0.2283 1.0408 0.3782 -0.4514
-0.2263 -0.1853 -0.0869 0.4950 -0.0224 0.3667 -0.3953 0.0909 -0.3072 -0.6800 -0.1628 -0.0607 -0.2719 -0.3579 0.0423 0.3452 0.2987 -0.0741 0.4775 -0.7329 -0.2948 0.4133 0.2583 0.3500 0.0506 0.5473 -1.0223 -0.2683 -0.5763 0.6797 0.0872 0.0975 0.0262 0.2262 -0.1976 0.0708 0.4085 0.4898 -0.2590 0.2823 0.5465 -0.7199
-0.2155 -0.1626 -0.0922 0.4964 0.0023 0.3627 -0.3568 0.0573 -0.3169 -0.7262 -0.1777 -0.0687 -0.2346 -0.2979 0.0314 0.3249 0.3003 -0.1217 0.4827 -0.7148 -0.2984 0.4567 0.2705 0.3532 0.0777 0.5613 -1.0471 -0.3160 -0.6148 0.6895 0.0507 0.1711 0.0370 0.2415 -0.1660 0.1143 0.3637 0.4471 -0.2792 0.1783 0.5634 -0.7455
-0.2342 -0.1834 -0.1098 0.5086 -0.0134 0.3755 -0.3819 0.0695 -0.3101 -0.6943 -0.1746 -0.0746 -0.2767 -0.4109 0.0413 0.3261 0.3009 -0.1161 0.4828 -0.7037 -0.2711 0.4596 0.2553 0.3769 0.0581 0.5556 -1.0170 -0.2276 -0.5733 0.6717 0.1125 0.0936 0.0291 0.2440 -0.2102 0.0870 0.3888 0.5035 -0.2920 0.2609 0.5320 -0.7150
-0.2320 -0.1925 -0.1305 0.5076 -0.0520 0.3583 -0.3824 0.1148 -0.3159 -0.6865 -0.1883 -0.0696 -0.2970 -0.3827 0.0315 0.3839 0.3088 -0.0570 0.4755 -0.7203 -0.2790 0.4351 0.2523 0.3745 0.0666 0.5712 -1.0502 -0.2746 -0.6009 0.7063 0.1062 0.0740 0.0373 0.2344 -0.2257 0.0659 0.4357 0.5249 -0.2675 0.2579 0.5506 -0.7448
-0.2691 -0.1802 -0.1506 0.4236 -0.0745 0.3854 -0.4741 0.1917 -0.2672 -0.5258 -0.0666 -0.0305 -0.4342 -0.5593 0.1110 0.2613 0.2469 0.0140 0.4231 -0.7312 -0.3162 0.3337 0.1332 0.2701 0.0103 0.4585 -0.8193 0.0281 -0.3771 0.6014 0.1139 -0.1253 -0.0667 0.1813 -0.2838 -0.0315 0.5004 0.6051 -0.1687 0.7745 0.4495 -0.5808
-0.3203 -0.1849 -0.2965 0.4843 -0.2471 0.3896 -0.3414 0.1503 -0.2614 -0.4840 -0.0596 -0.1019 -0.6972 -1.0656 0.1097 0.1297 0.2746 -0.0205 0.3505 -0.4808 -0.1527 0.5240 0.0137 0.3981 -0.0026 0.4609 -0.5874 0.4851 -0.2356 0.5085 0.3493 -0.4096 -0.1265 0.2635 -0.4944 -0.0664 0.5158 0.7856 -0.2939 0.9980 0.3417 -0.3972
-0.2068 -0.1519 -0.1080 0.4878 -0.0768 0.3266 -0.3087 0.0956 -0.3364 -0.7538 -0.1971 -0.0654 -0.2589 -0.2125 0.0001 0.3733 0.3192 -0.0555 0.4750 -0.7233 -0.3178 0.4634 0.2745 0.3546 0.0967 0.5786 -1.1125 -0.4125 -0.6830 0.7353 0.0318 0.1930 0.0464 0.2272 -0.1667 0.1035 0.3967 0.4383 -0.2499 0.1110 0.6252 -0.7938
-0.1982 -0.1975 -0.0726 0.5212 -0.0456 0.3320 -0.3688 0.1176 -0.3390 -0.7079 -0.1997 -0.0628 -0.2254 -0.1819 0.0151 0.4383 0.3297 -0.0013 0.4963 -0.7680 -0.3088 0.3771 0.3107 0.3402 0.0795 0.5730 -1.1430 -0.4554 -0.6779 0.7377 0.0495 0.1648 0.0789 0.2147 -0.1620 0.0667 0.4142 0.4586 -0.2361 0.0912 0.6018 -0.8162
-0.2652 -0.1722 -0.0915 0.6220 -0.5172 0.3548 0.0296 -0.1305 -0.3218 -0.4939 0.0462 -0.1723 -0.8898 -1.5019 0.0717 -0.2058 0.3499 -0.0707 0.2762 -0.1739 0.0992 0.7455 0.0342 0.5600 -0.1140 0.3985 -0.2858 0.8051 -0.1224 0.2738 0.6208 -0.5694 -0.1521 0.3225 -0.6059 -0.0847 0.3069 0.7018 -0.4474 0.9211 0.3693 -0.0775
-0.2875 -0.2013 -0.1697 0.6259 -0.4773 0.3697 -0.0575 -0.0659 -0.3113 -0.4645 0.0140 -0.1770 -0.8856 -1.4966 0.0850 -0.1244 0.3469 -0.0496 0.2990 -0.2053 0.0859 0.7072 0.0231 0.5485 -0.0911 0.4065 -0.3335 0.8183 -0.1188 0.3089 0.6308 -0.6111 -0.1361 0.3228 -0.6259 -0.1047 0.3544 0.7799 -0.4440 0.9553 0.3210 -0.1329
-0.3073 -0.2107 -0.2433 0.6243 -0.4661 0.3722 -0.0992 -0.0170 -0.3040 -0.4484 -0.0103 -0.1837 -0.9027 -1.5129 0.0931 -0.0824 0.3457 -0.0339 0.3042 -0.2050 0.0813 0.6975 0.0008 0.5463 -0.0671 0.4153 -0.3461 0.8466 -0.1118 0.3334 0.6402 -0.6438 -0.1353 0.3277 -0.6486 -0.1166 0.3951 0.8393 -0.4432 0.9949 0.2867 -0.1621
-0.2549 -0.2654 -0.1756 0.5657 -0.0922 0.3755 -0.4421 0.1667 -0.3093 -0.5908 -0.1945 -0.0847 -0.3798 -0.5986 0.0519 0.4486 0.3202 0.0102 0.4749 -0.7014 -0.1969 0.3918 0.2323 0.4169 0.0435 0.5715 -1.0051 -0.1370 -0.5292 0.6916 0.2406 -0.1198 0.0526 0.2398 -0.3300 -0.0135 0.5054 0.6665 -0.2901 0.3772 0.4718 -0.7042
-0.2768 -0.1962 -0.1311 0.6196 -0.4752 0.3689 -0.0464 -0.0852 -0.3112 -0.4724 0.0252 -0.1695 -0.8675 -1.4759 0.0827 -0.1367 0.3430 -0.0579 0.2961 -0.2147 0.0822 0.7020 0.0340 0.5428 -0.1030 0.4057 -0.3310 0.7919 -0.1242 0.3005 0.6172 -0.5876 -0.1364 0.3181 -0.6101 -0.0966 0.3380 0.7481 -0.4391 0.9373 0.3396 -0.1226
-0.2154 -0.2867 -0.1171 0.5777 -0.0472 0.3518 -0.4719 0.2010 -0.3361 -0.6155 -0.2296 -0.0648 -0.2586 -0.3305 0.0352 0.5791 0.3349 0.0782 0.5112 -0.8083 -0.2441 0.2955 0.3150 0.3783 0.0633 0.6016 -1.1688 -0.4214 -0.6480 0.7654 0.1475 0.0029 0.1205 0.2096 -0.2484 -0.0090 0.5132 0.5979 -0.2388 0.1600 0.5381 -0.8342
-0.3534 -0.2053 -0.4160 0.5791 -0.3711 0.3768 -0.2498 0.1307 -0.2709 -0.4337 -0.0703 -0.1762 -0.8757 -1.4040 0.1243 0.0458 0.3240 -0.0029 0.3228 -0.2785 -0.0099 0.6354 -0.0480 0.4923 0.0147 0.4435 -0.4335 0.8010 -0.1347 0.4436 0.5535 -0.6201 -0.1445 0.3260 -0.6368 -0.1173 0.5113 0.9318 -0.3933 1.0828 0.2349 -0.2947
-0.2034 -0.2752 -0.1176 0.6007 -0.0146 0.3456 -0.4333 0.1669 -0.3547 -0.6652 -0.2572 -0.0780 -0.2066 -0.2680 0.0251 0.5783 0.3452 0.0355 0.5260 -0.7948 -0.2345 0.3383 0.3467 0.3981 0.0916 0.6268 -1.2179 -0.4982 -0.7041 0.7834 0.1214 0.0830 0.1477 0.2274 -0.2152 0.0328 0.4720 0.5560 -0.2631 0.0106 0.5581 -0.8783
-0.2423 -0.0561 -0.2591 0.2789 -0.1291 0.3525 -0.3413 0.1884 -0.2203 -0.5850 -0.0181 -0.0029 -0.4967 -0.4918 0.0918 0.1467 0.1809 -0.0301 0.2946 -0.6084 -0.3923 0.3977 -0.0349 0.1683 0.1200 0.4824 -0.6524 0.0484 -0.3682 0.6413 -0.1057 -0.0571 -0.1626 0.2183 -0.2735 0.0645 0.4958 0.5112 -0.1413 0.8831 0.4723 -0.5169
-0.2744 -0.1311 -0.3580 0.3548 -0.1205 0.3767 -0.4165 0.2380 -0.2277 -0.5014 -0.0550 -0.0436 -0.5512 -0.6361 0.1142 0.2169 0.2065 0.0111 0.3306 -0.5748 -0.3124 0.3726 -0.0408 0.1951 0.1293 0.4731 -0.6583 0.2000 -0.3096 0.6212 0.0349 -0.2212 -0.1198 0.2387 -0.3603 -0.0006 0.5198 0.6778 -0.1916 0.9215 0.3551 -0.5288
-0.1950 -0.2525 -0.1043 0.5873 -0.0041 0.3410 -0.4074 0.1436 -0.3586 -0.6928 -0.2529 -0.0765 -0.1861 -0.2121 0.0193 0.5474 0.3430 0.0109 0.5258 -0.7905 -0.2531 0.3578 0.3522 0.3861 0.0985 0.6226 -1.2217 -0.5242 -0.7196 0.7798 0.0861 0.1366 0.1434 0.2284 -0.1858 0.0576 0.4409 0.5131 -0.2617 -0.0262 0.5769 -0.8830
-0.2184 -0.1763 -0.0156 0.4772 0.0125 0.3644 -0.4346 0.0985 -0.3029 -0.6429 -0.1150 -0.0390 -0.2345 -0.2660 0.0761 0.3027 0.2878 -0.0372 0.4884 -0.7897 -0.3400 0.3332 0.2774 0.2892 0.0282 0.4906 -1.0012 -0.2991 -0.5414 0.6489 0.0431 0.1310 0.0107 0.1858 -0.1391 0.0434 0.3954 0.4371 -0.1958 0.3477 0.5493 -0.7070
-0.2642 -0.1057 -0.1917 0.4185 -0.1239 0.3571 -0.3150 0.1034 -0.2784 -0.6707 -0.1086 -0.0630 -0.4430 -0.5528 0.0572 0.1849 0.2693 -0.1018 0.3969 -0.6199 -0.3081 0.5239 0.1217 0.3427 0.0609 0.5143 -0.8349 -0.0016 -0.4715 0.6339 0.0895 0.0027 -0.0867 0.2422 -0.2701 0.0727 0.4377 0.5311 -0.2472 0.5877 0.5218 -0.5952
-0.2547 -0.0707 -0.1575 0.3460 -0.0681 0.3543 -0.3632 0.1421 -0.2514 -0.6077 -0.0314 -0.0214 -0.4165 -0.4540 0.1167 0.1235 0.2177 -0.0580 0.3622 -0.6675 -0.3836 0.4112 0.0804 0.2251 0.0578 0.4615 -0.7402 -0.0021 -0.3977 0.6034 -0.0376 0.0225 -0.1344 0.1996 -0.2152 0.0533 0.4556 0.4710 -0.1396 0.7796 0.4997 -0.5555
-0.3977 -0.1145 -0.6985 0.4355 -0.3452 0.3426 -0.3052 0.3290 -0.2350 -0.4914 -0.1415 -0.1413 -0.9180 -1.1986 0.0982 0.1438 0.2808 0.0348 0.2796 -0.3141 -0.1783 0.6355 -0.1941 0.3985 0.1880 0.5038 -0.4834 0.6792 -0.2104 0.6380 0.3078 -0.5116 -0.2119 0.3281 -0.6106 -0.0559 0.6826 0.9727 -0.3125 1.2129 0.2527 -0.4428
-0.3725 -0.0791 -0.6314 0.4055 -0.3188 0.3335 -0.2835 0.3010 -0.2328 -0.5235 -0.1140 -0.1193 -0.8595 -1.0688 0.0977 0.1083 0.2677 0.0202 0.2728 -0.3510 -0.2287 0.6198 -0.1774 0.3588 0.1927 0.4936 -0.4972 0.5717 -0.2431 0.6481 0.2136 -0.4071 -0.2227 0.3138 -0.5397 -0.0246 0.6484 0.8718 -0.2774 1.1635 0.3059 -0.4531
-0.3395 -0.0619 -0.5340 0.3706 -0.2658 0.3334 -0.2910 0.2729 -0.2311 -0.5397 -0.0809 -0.0888 -0.7645 -0.8989 0.1030 0.0976 0.2444 0.0113 0.2766 -0.4175 -0.2804 0.5629 -0.1421 0.3002 0.1796 0.4806 -0.5313 0.4334 -0.2740 0.6439 0.1162 -0.3018 -0.2145 0.2859 -0.4577 -0.0019 0.6060 0.7652 -0.2292 1.0987 0.3519 -0.4700
-0.2085 -0.0712 0.0602 0.3495 0.0403 0.3584 -0.4120 0.0986 -0.2729 -0.5477 0.0615 0.0190 -0.2671 -0.2179 0.1759 0.0403 0.2001 -0.0172 0.4102 -0.7943 -0.4291 0.2508 0.1794 0.1118 0.0058 0.3585 -0.7448 -0.1505 -0.3631 0.5168 -0.1225 0.1412 -0.1096 0.1182 -0.0641 0.0187 0.3524 0.3170 -0.0366 0.7394 0.5223 -0.5426
-0.1931 -0.0171 0.1026 0.3393 0.0701 0.3446 -0.3496 0.0284 -0.2682 -0.6061 0.0785 0.0128 -0.2153 -0.1471 0.1831 -0.0566 0.1993 -0.0862 0.4012 -0.7595 -0.4508 0.3005 0.1910 0.1042 0.0233 0.3487 -0.7171 -0.1871 -0.3829 0.5018 -0.1801 0.2601 -0.1331 0.1344 0.0021 0.0747 0.2804 0.2146 -0.0463 0.6587 0.5519 -0.5320
-0.1552 -0.0574 0.1456 0.3603 0.1329 0.3534 -0.3841 0.0036 -0.2908 -0.6450 0.0299 0.0120 -0.0878 0.0710 0.1400 0.0593 0.2153 -0.0957 0.4612 -0.8175 -0.4627 0.2512 0.2687 0.0783 0.0422 0.3717 -0.8802 -0.3865 -0.4802 0.5380 -0.2135 0.3587 -0.0426 0.1331 0.0626 0.1049 0.2103 0.1755 -0.0788 0.3782 0.5729 -0.6412
-0.2941 -0.0410 -0.4302 0.3196 -0.2235 0.3331 -0.2869 0.2387 -0.2251 -0.5707 -0.0492 -0.0484 -0.6645 -0.7074 0.0903 0.0974 0.2156 -0.0047 0.2731 -0.4864 -0.3393 0.5042 -0.1141 0.2311 0.1759 0.4784 -0.5656 0.2611 -0.3196 0.6537 -0.0069 -0.1807 -0.2052 0.2596 -0.3712 0.0379 0.5564 0.6402 -0.1877 1.0085 0.4165 -0.4854
-0.1893 -0.0398 0.1039 0.3502 0.0928 0.3572 -0.3702 0.0063 -0.2676 -0.6602 0.0260 0.0072 -0.1657 -0.1102 0.1417 0.0195 0.2122 -0.1334 0.4312 -0.7794 -0.4507 0.3254 0.2273 0.1441 0.0238 0.3912 -0.8093 -0.2680 -0.4484 0.5432 -0.1640 0.3070 -0.0987 0.1524 0.0077 0.1109 0.2701 0.2143 -0.0997 0.5159 0.5747 -0.5865
-0.3511 -0.1136 -0.5394 0.3693 -0.2796 0.3563 -0.3408 0.2935 -0.2263 -0.5164 -0.1051 -0.0844 -0.7832 -0.9977 0.0902 0.1824 0.2383 0.0123 0.2836 -0.4414 -0.2472 0.5491 -0.1367 0.3359 0.1306 0.5170 -0.5582 0.4737 -0.2647 0.6379 0.1895 -0.3918 -0.1924 0.2854 -0.5241 -0.0233 0.6515 0.8414 -0.2491 1.1418 0.3360 -0.4626
-0.2031 -0.1113 0.0257 0.4005 0.0414 0.3663 -0.3960 0.0497 -0.2880 -0.6668 -0.0582 -0.0170 -0.2068 -0.1795 0.0863 0.1843 0.2486 -0.0989 0.4606 -0.7782 -0.3956 0.3484 0.2446 0.2173 0.0274 0.4554 -0.9297 -0.2815 -0.5099 0.6010 -0.0581 0.2145 -0.0337 0.1760 -0.0802 0.0893 0.3255 0.3403 -0.1658 0.4077 0.5656 -0.6564
-0.1877 -0.1058 0.1123 0.3897 0.0868 0.3683 -0.4359 0.0564 -0.2867 -0.5869 0.0205 0.0089 -0.1732 -0.1094 0.1447 0.1077 0.2255 -0.0460 0.4645 -0.8292 -0.4204 0.2371 0.2545 0.1291 0.0061 0.3739 -0.8592 -0.2779 -0.4322 0.5374 -0.1050 0.2161 -0.0481 0.1260 -0.0212 0.0425 0.2942 0.2875 -0.0855 0.5165 0.5409 -0.6099
-0.1865 -0.1142 0.0868 0.4036 0.0737 0.3632 -0.4182 0.0498 -0.2976 -0.6329 -0.0254 -0.0053 -0.1606 -0.0811 0.1113 0.1637 0.2451 -0.0625 0.4786 -0.8197 -0.4134 0.2776 0.2733 0.1641 0.0196 0.4120 -0.9342 -0.3317 -0.4940 0.5731 -0.0900 0.2441 -0.0209 0.1452 -0.0295 0.0658 0.2920 0.2981 -0.1225 0.3970 0.5628 -0.6611
-0.1968 -0.1276 0.0789 0.4209 0.0746 0.3746 -0.4297 0.0435 -0.2934 -0.6184 -0.0256 -0.0132 -0.1790 -0.1557 0.1159 0.1554 0.2477 -0.0737 0.4821 -0.8049 -0.3883 0.2872 0.2688 0.1844 0.0119 0.4078 -0.9115 -0.2746 -0.4685 0.5594 -0.0466 0.2043 -0.0228 0.1528 -0.0522 0.0565 0.2937 0.3284 -0.1440 0.4252 0.5388 -0.6389
-0.1763 -0.1608 0.1262 0.4247 0.0705 0.3694 -0.4802 0.0923 -0.3003 -0.5473 0.0016 0.0096 -0.1673 -0.0780 0.1306 0.2080 0.2452 0.0282 0.4905 -0.8704 -0.4003 0.1659 0.2867 0.1250 -0.0030 0.3758 -0.9251 -0.3329 -0.4496 0.5563 -0.0637 0.1638 0.0001 0.1114 -0.0398 -0.0026 0.3149 0.3351 -0.0850 0.4585 0.5329 -0.6471
-0.1890 -0.1243 0.0438 0.3967 0.0298 0.3616 -0.4144 0.0793 -0.2905 -0.5985 -0.0184 -0.0062 -0.2194 -0.1409 0.1082 0.1811 0.2401 -0.0243 0.4532 -0.7903 -0.3956 0.2653 0.2306 0.1523 0.0286 0.4135 -0.8942 -0.2672 -0.4648 0.5726 -0.0712 0.1627 -0.0276 0.1506 -0.0784 0.0421 0.3209 0.3510 -0.1225 0.4685 0.5363 -0.6346
-0.2173 -0.0801 -0.0017 0.3764 -0.0223 0.3549 -0.3445 0.0481 -0.2837 -0.6805 -0.0448 -0.0202 -0.2760 -0.2552 0.0796 0.1295 0.2465 -0.1060 0.4305 -0.7328 -0.3952 0.4084 0.2031 0.2349 0.0242 0.4524 -0.8777 -0.2021 -0.4916 0.5890 -0.0424 0.1881 -0.0734 0.1816 -0.1107 0.0909 0.3402 0.3493 -0.1656 0.4908 0.5801 -0.6139
-0.2047 -0.1310 0.0682 0.3813 0.0045 0.3669 -0.4535 0.1231 -0.2788 -0.5261 0.0302 0.0183 -0.2819 -0.2451 0.1423 0.1470 0.2224 0.0319 0.4341 -0.8255 -0.4005 0.2117 0.2060 0.1401 -0.0162 0.3752 -0.8077 -0.1781 -0.3831 0.5417 -0.0499 0.0726 -0.0692 0.1138 -0.1063 -0.0167 0.3838 0.3800 -0.0641 0.6900 0.5228 -0.5649
-0.1906 -0.1175 0.0493 0.4033 -0.0091 0.3443 -0.3773 0.0654 -0.3027 -0.6766 -0.0669 -0.0149 -0.2092 -0.0978 0.0622 0.2268 0.2699 -0.0411 0.4672 -0.7968 -0.4096 0.3269 0.2664 0.2109 0.0237 0.4554 -0.9857 -0.3581 -0.5531 0.6211 -0.0575 0.2296 -0.0169 0.1612 -0.0720 0.0715 0.3339 0.3290 -0.1495 0.3412 0.6064 -0.6886
-0.2324 -0.0435 -0.0929 0.3415 -0.0960 0.3428 -0.3001 0.0885 -0.2523 -0.6184 0.0063 -0.0173 -0.4177 -0.4482 0.1137 0.0415 0.2175 -0.0728 0.3440 -0.6374 -0.3743 0.4274 0.0811 0.2131 0.0507 0.4376 -0.6826 0.0018 -0.3840 0.5679 -0.0495 0.0540 -0.1519 0.1993 -0.1902 0.0665 0.3994 0.4069 -0.1423 0.7592 0.5258 -0.5012
