0.0009 0.0015 0.0006 0.0008 0.0011 0.0010 0.0018 0.0006 0.0022 0.0012 0.0009 0.0005 0.0011 0.0016 0.0017 0.0010 0.0025 0.0059 0.0050 0.0134 0.0024 0.0053 0.0032 0.0045 0.0010 0.0148 0.0177 0.0007 0.0014 0.0004 0.0058 0.2032 0.1800 0.1660 0.0222 0.0069 0.0160 0.1496 0.0034 0.1343 0.0027 0.0022 0.0020 0.0015 0.0032 0.0020 0.0004 0.0009 0.0006 0.0003
0.0014 0.0022 0.0009 0.0012 0.0016 0.0015 0.0025 0.0009 0.0030 0.0017 0.0013 0.0008 0.0016 0.0023 0.0024 0.0014 0.0035 0.0074 0.0064 0.0158 0.0033 0.0067 0.0044 0.0058 0.0015 0.0172 0.0204 0.0011 0.0020 0.0006 0.0074 0.1903 0.1702 0.1579 0.0251 0.0086 0.0187 0.1432 0.0045 0.1294 0.0036 0.0030 0.0028 0.0022 0.0042 0.0027 0.0007 0.0013 0.0009 0.0004
0.0007 0.0011 0.0004 0.0006 0.0008 0.0008 0.0013 0.0004 0.0017 0.0009 0.0006 0.0004 0.0008 0.0012 0.0013 0.0007 0.0019 0.0049 0.0041 0.0117 0.0018 0.0043 0.0025 0.0037 0.0007 0.0130 0.0157 0.0005 0.0010 0.0003 0.0047 0.2123 0.1867 0.1714 0.0198 0.0058 0.0138 0.1537 0.0027 0.1375 0.0021 0.0017 0.0015 0.0011 0.0025 0.0015 0.0003 0.0007 0.0004 0.0002
0.0007 0.0012 0.0004 0.0006 0.0008 0.0008 0.0014 0.0004 0.0018 0.0009 0.0007 0.0004 0.0008 0.0012 0.0013 0.0007 0.0020 0.0050 0.0042 0.0119 0.0019 0.0044 0.0026 0.0038 0.0008 0.0132 0.0160 0.0006 0.0011 0.0003 0.0048 0.2112 0.1859 0.1707 0.0201 0.0059 0.0141 0.1531 0.0028 0.1370 0.0021 0.0018 0.0016 0.0012 0.0026 0.0016 0.0003 0.0007 0.0004 0.0002
0.0019 0.0029 0.0012 0.0017 0.0021 0.0021 0.0033 0.0013 0.0039 0.0024 0.0018 0.0012 0.0022 0.0030 0.0032 0.0020 0.0045 0.0090 0.0079 0.0180 0.0042 0.0082 0.0055 0.0072 0.0021 0.0195 0.0227 0.0016 0.0027 0.0009 0.0089 0.1769 0.1598 0.1493 0.0275 0.0103 0.0209 0.1367 0.0057 0.1248 0.0046 0.0040 0.0037 0.0029 0.0054 0.0036 0.0010 0.0019 0.0013 0.0007
0.0011 0.0018 0.0007 0.0009 0.0012 0.0012 0.0020 0.0007 0.0025 0.0014 0.0010 0.0006 0.0013 0.0018 0.0019 0.0011 0.0029 0.0065 0.0055 0.0143 0.0027 0.0058 0.0036 0.0049 0.0012 0.0157 0.0188 0.0009 0.0016 0.0005 0.0063 0.1989 0.1767 0.1632 0.0233 0.0075 0.0170 0.1472 0.0038 0.1323 0.0030 0.0025 0.0023 0.0017 0.0035 0.0022 0.0005 0.0010 0.0007 0.0003
0.0019 0.0029 0.0012 0.0017 0.0021 0.0021 0.0034 0.0012 0.0038 0.0024 0.0019 0.0012 0.0023 0.0030 0.0031 0.0020 0.0046 0.0088 0.0077 0.0178 0.0044 0.0079 0.0057 0.0068 0.0021 0.0189 0.0224 0.0016 0.0027 0.0009 0.0090 0.1791 0.1611 0.1499 0.0281 0.0101 0.0217 0.1361 0.0056 0.1225 0.0047 0.0039 0.0036 0.0028 0.0053 0.0035 0.0010 0.0017 0.0012 0.0006
0.0096 0.0116 0.0079 0.0091 0.0102 0.0100 0.0123 0.0082 0.0136 0.0105 0.0094 0.0078 0.0103 0.0118 0.0122 0.0098 0.0141 0.0201 0.0188 0.0276 0.0138 0.0193 0.0155 0.0183 0.0100 0.0289 0.0309 0.0088 0.0111 0.0070 0.0194 0.0788 0.0751 0.0726 0.0325 0.0209 0.0284 0.0695 0.0158 0.0669 0.0143 0.0134 0.0129 0.0116 0.0154 0.0128 0.0072 0.0096 0.0079 0.0062
0.0074 0.0094 0.0057 0.0069 0.0079 0.0077 0.0100 0.0061 0.0113 0.0082 0.0072 0.0056 0.0080 0.0095 0.0099 0.0075 0.0118 0.0182 0.0168 0.0269 0.0115 0.0173 0.0132 0.0161 0.0076 0.0284 0.0309 0.0066 0.0088 0.0049 0.0176 0.0991 0.0935 0.0900 0.0335 0.0195 0.0285 0.0856 0.0138 0.0817 0.0122 0.0112 0.0107 0.0093 0.0133 0.0106 0.0051 0.0074 0.0058 0.0043
0.0012 0.0019 0.0007 0.0010 0.0013 0.0013 0.0022 0.0007 0.0026 0.0015 0.0011 0.0007 0.0014 0.0020 0.0021 0.0012 0.0031 0.0068 0.0058 0.0148 0.0029 0.0060 0.0039 0.0052 0.0013 0.0161 0.0192 0.0010 0.0017 0.0005 0.0067 0.1961 0.1746 0.1614 0.0242 0.0079 0.0178 0.1458 0.0040 0.1309 0.0032 0.0027 0.0025 0.0019 0.0038 0.0024 0.0006 0.0011 0.0007 0.0004
0.0009 0.0014 0.0005 0.0007 0.0010 0.0010 0.0017 0.0005 0.0021 0.0011 0.0008 0.0005 0.0010 0.0015 0.0016 0.0009 0.0024 0.0056 0.0048 0.0130 0.0023 0.0050 0.0031 0.0043 0.0009 0.0143 0.0172 0.0007 0.0013 0.0004 0.0055 0.2058 0.1819 0.1674 0.0217 0.0066 0.0156 0.1504 0.0032 0.1347 0.0025 0.0021 0.0019 0.0014 0.0030 0.0018 0.0004 0.0008 0.0005 0.0002
0.0005 0.0010 0.0003 0.0005 0.0006 0.0006 0.0011 0.0003 0.0014 0.0007 0.0005 0.0003 0.0007 0.0010 0.0011 0.0006 0.0016 0.0043 0.0036 0.0106 0.0015 0.0038 0.0021 0.0032 0.0006 0.0119 0.0145 0.0004 0.0008 0.0002 0.0041 0.2177 0.1905 0.1743 0.0184 0.0051 0.0127 0.1557 0.0023 0.1388 0.0017 0.0014 0.0013 0.0009 0.0021 0.0013 0.0002 0.0005 0.0003 0.0001
0.0008 0.0013 0.0005 0.0007 0.0009 0.0009 0.0016 0.0005 0.0019 0.0010 0.0008 0.0004 0.0010 0.0014 0.0015 0.0008 0.0023 0.0053 0.0045 0.0125 0.0021 0.0047 0.0029 0.0040 0.0009 0.0137 0.0167 0.0006 0.0012 0.0003 0.0053 0.2084 0.1837 0.1688 0.0212 0.0063 0.0152 0.1514 0.0030 0.1351 0.0024 0.0019 0.0018 0.0013 0.0028 0.0017 0.0004 0.0008 0.0005 0.0002
0.0035 0.0049 0.0024 0.0031 0.0038 0.0037 0.0055 0.0023 0.0061 0.0042 0.0034 0.0024 0.0040 0.0050 0.0051 0.0036 0.0071 0.0123 0.0111 0.0221 0.0069 0.0113 0.0085 0.0100 0.0037 0.0234 0.0269 0.0030 0.0046 0.0019 0.0125 0.1498 0.1371 0.1292 0.0320 0.0138 0.0258 0.1192 0.0085 0.1095 0.0072 0.0062 0.0059 0.0048 0.0081 0.0058 0.0020 0.0032 0.0024 0.0014
0.0039 0.0054 0.0028 0.0035 0.0043 0.0042 0.0059 0.0030 0.0071 0.0045 0.0037 0.0027 0.0043 0.0056 0.0059 0.0039 0.0074 0.0136 0.0121 0.0233 0.0072 0.0127 0.0087 0.0115 0.0041 0.0251 0.0281 0.0033 0.0050 0.0022 0.0130 0.1410 0.1301 0.1234 0.0316 0.0150 0.0252 0.1153 0.0092 0.1082 0.0078 0.0070 0.0065 0.0054 0.0088 0.0064 0.0024 0.0039 0.0028 0.0018
0.0014 0.0022 0.0008 0.0012 0.0015 0.0015 0.0025 0.0008 0.0029 0.0018 0.0013 0.0008 0.0017 0.0022 0.0023 0.0015 0.0036 0.0073 0.0063 0.0157 0.0034 0.0065 0.0045 0.0056 0.0015 0.0169 0.0202 0.0011 0.0020 0.0006 0.0074 0.1917 0.1710 0.1582 0.0255 0.0085 0.0192 0.1427 0.0045 0.1278 0.0036 0.0030 0.0028 0.0021 0.0042 0.0027 0.0007 0.0013 0.0008 0.0004
0.0019 0.0029 0.0012 0.0017 0.0021 0.0021 0.0033 0.0012 0.0037 0.0024 0.0018 0.0012 0.0023 0.0030 0.0031 0.0020 0.0046 0.0088 0.0077 0.0178 0.0044 0.0078 0.0057 0.0068 0.0021 0.0189 0.0224 0.0016 0.0027 0.0009 0.0090 0.1795 0.1614 0.1500 0.0281 0.0100 0.0217 0.1362 0.0056 0.1225 0.0046 0.0038 0.0036 0.0028 0.0053 0.0035 0.0009 0.0017 0.0012 0.0006
0.0062 0.0080 0.0048 0.0057 0.0069 0.0065 0.0082 0.0060 0.0110 0.0067 0.0058 0.0045 0.0064 0.0083 0.0091 0.0059 0.0096 0.0180 0.0160 0.0267 0.0092 0.0175 0.0107 0.0168 0.0061 0.0293 0.0311 0.0052 0.0071 0.0039 0.0156 0.1080 0.1021 0.0986 0.0316 0.0192 0.0254 0.0952 0.0127 0.0933 0.0105 0.0105 0.0095 0.0083 0.0119 0.0095 0.0045 0.0071 0.0050 0.0044
0.0047 0.0063 0.0035 0.0043 0.0053 0.0049 0.0065 0.0044 0.0090 0.0052 0.0044 0.0032 0.0049 0.0065 0.0072 0.0045 0.0079 0.0158 0.0139 0.0250 0.0075 0.0151 0.0089 0.0143 0.0046 0.0276 0.0298 0.0039 0.0056 0.0028 0.0137 0.1261 0.1181 0.1134 0.0310 0.0171 0.0242 0.1086 0.0107 0.1055 0.0087 0.0085 0.0077 0.0065 0.0099 0.0076 0.0032 0.0054 0.0037 0.0030
0.0062 0.0080 0.0048 0.0057 0.0069 0.0065 0.0081 0.0062 0.0113 0.0067 0.0058 0.0045 0.0064 0.0083 0.0092 0.0059 0.0095 0.0182 0.0161 0.0268 0.0091 0.0177 0.0105 0.0171 0.0061 0.0295 0.0311 0.0052 0.0071 0.0040 0.0156 0.1069 0.1013 0.0980 0.0314 0.0194 0.0250 0.0950 0.0128 0.0937 0.0105 0.0106 0.0096 0.0084 0.0119 0.0096 0.0046 0.0074 0.0051 0.0046
0.0010 0.0016 0.0006 0.0008 0.0011 0.0011 0.0019 0.0006 0.0023 0.0012 0.0009 0.0006 0.0012 0.0017 0.0018 0.0010 0.0026 0.0061 0.0051 0.0136 0.0025 0.0054 0.0033 0.0046 0.0011 0.0149 0.0180 0.0008 0.0014 0.0004 0.0060 0.2017 0.1789 0.1652 0.0226 0.0071 0.0164 0.1491 0.0035 0.1339 0.0028 0.0023 0.0021 0.0016 0.0033 0.0020 0.0004 0.0009 0.0006 0.0003
0.0065 0.0083 0.0050 0.0060 0.0072 0.0068 0.0085 0.0063 0.0114 0.0070 0.0061 0.0047 0.0067 0.0086 0.0095 0.0062 0.0100 0.0183 0.0164 0.0269 0.0096 0.0178 0.0110 0.0171 0.0064 0.0295 0.0312 0.0055 0.0074 0.0042 0.0160 0.1049 0.0993 0.0960 0.0317 0.0195 0.0256 0.0927 0.0131 0.0909 0.0108 0.0108 0.0098 0.0086 0.0122 0.0098 0.0047 0.0075 0.0053 0.0046
0.0019 0.0029 0.0012 0.0017 0.0021 0.0021 0.0033 0.0012 0.0037 0.0023 0.0018 0.0012 0.0022 0.0029 0.0030 0.0020 0.0045 0.0087 0.0077 0.0177 0.0043 0.0078 0.0056 0.0068 0.0021 0.0189 0.0224 0.0016 0.0027 0.0009 0.0089 0.1796 0.1615 0.1502 0.0280 0.0100 0.0215 0.1365 0.0056 0.1230 0.0046 0.0038 0.0036 0.0028 0.0053 0.0035 0.0009 0.0017 0.0012 0.0006
0.0117 0.0136 0.0101 0.0112 0.0124 0.0121 0.0139 0.0114 0.0163 0.0123 0.0114 0.0098 0.0121 0.0139 0.0146 0.0115 0.0152 0.0217 0.0204 0.0273 0.0149 0.0213 0.0162 0.0208 0.0117 0.0289 0.0299 0.0107 0.0128 0.0091 0.0200 0.0612 0.0592 0.0578 0.0300 0.0223 0.0265 0.0564 0.0176 0.0556 0.0159 0.0157 0.0149 0.0138 0.0170 0.0149 0.0096 0.0126 0.0104 0.0094
0.0016 0.0025 0.0010 0.0014 0.0018 0.0018 0.0029 0.0009 0.0032 0.0020 0.0016 0.0010 0.0019 0.0025 0.0026 0.0017 0.0040 0.0079 0.0069 0.0166 0.0038 0.0070 0.0050 0.0060 0.0018 0.0177 0.0212 0.0013 0.0023 0.0008 0.0082 0.1870 0.1672 0.1548 0.0269 0.0091 0.0205 0.1396 0.0049 0.1248 0.0041 0.0033 0.0031 0.0024 0.0047 0.0030 0.0008 0.0014 0.0010 0.0005
0.0191 0.0194 0.0186 0.0191 0.0190 0.0193 0.0200 0.0177 0.0191 0.0196 0.0193 0.0189 0.0197 0.0195 0.0193 0.0196 0.0204 0.0204 0.0204 0.0213 0.0205 0.0201 0.0209 0.0198 0.0197 0.0213 0.0216 0.0194 0.0199 0.0187 0.0207 0.0240 0.0237 0.0235 0.0218 0.0201 0.0218 0.0231 0.0196 0.0227 0.0199 0.0191 0.0193 0.0190 0.0198 0.0193 0.0179 0.0181 0.0182 0.0166
0.0182 0.0189 0.0174 0.0181 0.0182 0.0184 0.0194 0.0168 0.0189 0.0187 0.0183 0.0177 0.0188 0.0189 0.0188 0.0187 0.0201 0.0208 0.0207 0.0223 0.0201 0.0205 0.0206 0.0201 0.0187 0.0224 0.0229 0.0183 0.0191 0.0173 0.0210 0.0275 0.0271 0.0268 0.0231 0.0206 0.0228 0.0263 0.0196 0.0259 0.0196 0.0189 0.0189 0.0185 0.0197 0.0189 0.0167 0.0174 0.0172 0.0154
0.0013 0.0021 0.0008 0.0012 0.0015 0.0015 0.0025 0.0008 0.0028 0.0017 0.0013 0.0008 0.0016 0.0022 0.0022 0.0014 0.0035 0.0070 0.0061 0.0153 0.0034 0.0062 0.0045 0.0052 0.0015 0.0164 0.0198 0.0011 0.0020 0.0006 0.0074 0.1944 0.1728 0.1594 0.0256 0.0082 0.0194 0.1429 0.0043 0.1267 0.0036 0.0028 0.0027 0.0020 0.0041 0.0026 0.0006 0.0012 0.0008 0.0004
0.0029 0.0043 0.0020 0.0026 0.0032 0.0032 0.0050 0.0018 0.0051 0.0037 0.0029 0.0020 0.0035 0.0043 0.0043 0.0032 0.0066 0.0109 0.0099 0.0206 0.0064 0.0098 0.0080 0.0085 0.0033 0.0215 0.0254 0.0026 0.0041 0.0016 0.0117 0.1606 0.1456 0.1361 0.0319 0.0124 0.0259 0.1239 0.0075 0.1112 0.0065 0.0053 0.0051 0.0041 0.0072 0.0050 0.0015 0.0025 0.0019 0.0009
0.0007 0.0012 0.0004 0.0006 0.0008 0.0008 0.0013 0.0004 0.0017 0.0009 0.0006 0.0004 0.0008 0.0012 0.0013 0.0007 0.0020 0.0049 0.0041 0.0117 0.0019 0.0043 0.0026 0.0036 0.0007 0.0129 0.0157 0.0005 0.0010 0.0003 0.0048 0.2126 0.1868 0.1713 0.0200 0.0058 0.0141 0.1533 0.0027 0.1367 0.0021 0.0017 0.0015 0.0011 0.0025 0.0015 0.0003 0.0007 0.0004 0.0002
0.0029 0.0042 0.0019 0.0026 0.0032 0.0031 0.0048 0.0019 0.0053 0.0035 0.0028 0.0019 0.0034 0.0043 0.0044 0.0030 0.0062 0.0112 0.0100 0.0209 0.0060 0.0102 0.0075 0.0090 0.0031 0.0222 0.0257 0.0025 0.0039 0.0015 0.0114 0.1594 0.1451 0.1361 0.0309 0.0126 0.0245 0.1249 0.0075 0.1141 0.0063 0.0054 0.0051 0.0041 0.0072 0.0050 0.0016 0.0027 0.0019 0.0011
0.0206 0.0201 0.0213 0.0207 0.0209 0.0205 0.0197 0.0231 0.0210 0.0201 0.0204 0.0210 0.0200 0.0203 0.0208 0.0201 0.0192 0.0201 0.0200 0.0192 0.0192 0.0204 0.0189 0.0209 0.0202 0.0195 0.0190 0.0205 0.0199 0.0215 0.0190 0.0170 0.0171 0.0172 0.0179 0.0196 0.0178 0.0173 0.0198 0.0176 0.0196 0.0204 0.0201 0.0205 0.0196 0.0203 0.0220 0.0221 0.0216 0.0245
0.0213 0.0205 0.0223 0.0215 0.0214 0.0211 0.0201 0.0237 0.0209 0.0207 0.0212 0.0221 0.0208 0.0207 0.0210 0.0210 0.0195 0.0195 0.0196 0.0183 0.0195 0.0199 0.0191 0.0204 0.0209 0.0185 0.0180 0.0214 0.0205 0.0228 0.0186 0.0150 0.0152 0.0152 0.0169 0.0190 0.0171 0.0154 0.0196 0.0156 0.0196 0.0204 0.0203 0.0207 0.0196 0.0204 0.0230 0.0224 0.0225 0.0254
0.0192 0.0194 0.0191 0.0192 0.0195 0.0192 0.0192 0.0206 0.0205 0.0190 0.0190 0.0189 0.0190 0.0196 0.0200 0.0189 0.0192 0.0209 0.0206 0.0211 0.0191 0.0210 0.0192 0.0213 0.0190 0.0215 0.0213 0.0189 0.0191 0.0190 0.0198 0.0221 0.0221 0.0221 0.0203 0.0205 0.0199 0.0220 0.0199 0.0222 0.0194 0.0199 0.0196 0.0195 0.0197 0.0197 0.0193 0.0202 0.0194 0.0206
0.0066 0.0085 0.0050 0.0061 0.0070 0.0070 0.0094 0.0048 0.0100 0.0076 0.0065 0.0049 0.0074 0.0087 0.0088 0.0068 0.0114 0.0169 0.0156 0.0262 0.0111 0.0158 0.0130 0.0144 0.0070 0.0273 0.0304 0.0060 0.0082 0.0042 0.0172 0.1092 0.1021 0.0975 0.0345 0.0182 0.0295 0.0915 0.0127 0.0855 0.0114 0.0100 0.0097 0.0083 0.0123 0.0095 0.0043 0.0061 0.0049 0.0032
0.0052 0.0070 0.0038 0.0048 0.0056 0.0056 0.0076 0.0039 0.0086 0.0060 0.0051 0.0038 0.0058 0.0071 0.0074 0.0054 0.0094 0.0155 0.0141 0.0252 0.0091 0.0145 0.0109 0.0132 0.0055 0.0267 0.0298 0.0046 0.0066 0.0032 0.0152 0.1243 0.1155 0.1098 0.0333 0.0168 0.0275 0.1027 0.0110 0.0961 0.0096 0.0086 0.0081 0.0069 0.0106 0.0080 0.0033 0.0050 0.0038 0.0025
0.0049 0.0067 0.0035 0.0045 0.0053 0.0053 0.0075 0.0034 0.0079 0.0058 0.0049 0.0035 0.0057 0.0068 0.0069 0.0052 0.0094 0.0146 0.0134 0.0244 0.0091 0.0135 0.0110 0.0120 0.0053 0.0254 0.0289 0.0044 0.0064 0.0029 0.0152 0.1292 0.1195 0.1132 0.0343 0.0161 0.0287 0.1052 0.0106 0.0970 0.0094 0.0081 0.0077 0.0065 0.0103 0.0076 0.0029 0.0045 0.0035 0.0021
0.0141 0.0156 0.0128 0.0137 0.0148 0.0144 0.0158 0.0144 0.0182 0.0145 0.0138 0.0124 0.0143 0.0159 0.0167 0.0138 0.0168 0.0222 0.0211 0.0260 0.0165 0.0220 0.0175 0.0218 0.0140 0.0273 0.0278 0.0132 0.0149 0.0118 0.0205 0.0458 0.0447 0.0441 0.0273 0.0226 0.0248 0.0434 0.0189 0.0432 0.0174 0.0175 0.0168 0.0159 0.0184 0.0168 0.0125 0.0153 0.0131 0.0127
0.0025 0.0036 0.0016 0.0022 0.0027 0.0027 0.0041 0.0017 0.0048 0.0030 0.0024 0.0016 0.0029 0.0037 0.0039 0.0026 0.0055 0.0104 0.0092 0.0198 0.0052 0.0094 0.0066 0.0083 0.0027 0.0213 0.0247 0.0021 0.0034 0.0013 0.0103 0.1668 0.1513 0.1416 0.0294 0.0117 0.0229 0.1298 0.0067 0.1187 0.0056 0.0048 0.0045 0.0036 0.0064 0.0044 0.0013 0.0023 0.0016 0.0009
0.0147 0.0161 0.0135 0.0143 0.0155 0.0149 0.0160 0.0157 0.0189 0.0149 0.0142 0.0130 0.0147 0.0164 0.0174 0.0142 0.0168 0.0224 0.0214 0.0256 0.0166 0.0224 0.0174 0.0224 0.0144 0.0270 0.0272 0.0137 0.0152 0.0126 0.0204 0.0421 0.0413 0.0408 0.0262 0.0226 0.0238 0.0404 0.0192 0.0405 0.0176 0.0181 0.0172 0.0165 0.0186 0.0173 0.0134 0.0163 0.0139 0.0143
0.0017 0.0027 0.0011 0.0015 0.0019 0.0019 0.0031 0.0011 0.0036 0.0022 0.0017 0.0011 0.0021 0.0028 0.0029 0.0018 0.0042 0.0085 0.0074 0.0173 0.0040 0.0076 0.0052 0.0066 0.0019 0.0187 0.0221 0.0015 0.0025 0.0008 0.0085 0.1822 0.1636 0.1521 0.0270 0.0097 0.0205 0.1381 0.0053 0.1250 0.0043 0.0036 0.0034 0.0026 0.0050 0.0033 0.0009 0.0016 0.0011 0.0006
0.0024 0.0035 0.0016 0.0021 0.0026 0.0026 0.0040 0.0016 0.0047 0.0029 0.0023 0.0015 0.0028 0.0036 0.0038 0.0025 0.0053 0.0103 0.0090 0.0197 0.0050 0.0094 0.0064 0.0083 0.0026 0.0213 0.0246 0.0020 0.0032 0.0012 0.0100 0.1681 0.1524 0.1426 0.0288 0.0115 0.0223 0.1307 0.0066 0.1198 0.0054 0.0047 0.0043 0.0035 0.0062 0.0043 0.0013 0.0023 0.0016 0.0009
0.0025 0.0037 0.0017 0.0023 0.0028 0.0027 0.0042 0.0017 0.0048 0.0031 0.0025 0.0016 0.0030 0.0038 0.0039 0.0026 0.0056 0.0105 0.0093 0.0200 0.0054 0.0095 0.0068 0.0083 0.0028 0.0214 0.0248 0.0022 0.0035 0.0013 0.0105 0.1663 0.1507 0.1409 0.0297 0.0117 0.0233 0.1287 0.0068 0.1172 0.0057 0.0048 0.0045 0.0036 0.0065 0.0044 0.0013 0.0023 0.0017 0.0009
0.0021 0.0032 0.0014 0.0019 0.0024 0.0023 0.0037 0.0014 0.0042 0.0026 0.0021 0.0014 0.0025 0.0033 0.0034 0.0022 0.0049 0.0096 0.0084 0.0188 0.0047 0.0087 0.0060 0.0076 0.0023 0.0202 0.0237 0.0018 0.0030 0.0011 0.0095 0.1736 0.1568 0.1462 0.0284 0.0108 0.0219 0.1333 0.0061 0.1212 0.0050 0.0042 0.0040 0.0031 0.0058 0.0039 0.0011 0.0020 0.0014 0.0007
0.0023 0.0034 0.0015 0.0020 0.0025 0.0025 0.0039 0.0015 0.0044 0.0028 0.0022 0.0015 0.0027 0.0035 0.0036 0.0024 0.0052 0.0098 0.0087 0.0191 0.0050 0.0089 0.0063 0.0078 0.0025 0.0205 0.0240 0.0019 0.0031 0.0011 0.0099 0.1711 0.1547 0.1444 0.0290 0.0111 0.0226 0.1319 0.0063 0.1198 0.0053 0.0044 0.0042 0.0033 0.0060 0.0041 0.0012 0.0021 0.0015 0.0008
0.0027 0.0039 0.0018 0.0024 0.0029 0.0029 0.0045 0.0018 0.0050 0.0033 0.0026 0.0018 0.0031 0.0040 0.0041 0.0028 0.0059 0.0108 0.0096 0.0204 0.0057 0.0098 0.0071 0.0086 0.0029 0.0217 0.0252 0.0023 0.0037 0.0014 0.0109 0.1633 0.1483 0.1388 0.0302 0.0121 0.0238 0.1271 0.0071 0.1159 0.0060 0.0051 0.0047 0.0038 0.0068 0.0047 0.0014 0.0025 0.0018 0.0010
0.0015 0.0023 0.0009 0.0013 0.0017 0.0016 0.0027 0.0009 0.0031 0.0019 0.0014 0.0009 0.0018 0.0024 0.0025 0.0016 0.0037 0.0077 0.0067 0.0163 0.0036 0.0069 0.0047 0.0059 0.0016 0.0176 0.0209 0.0012 0.0021 0.0007 0.0077 0.1890 0.1688 0.1563 0.0258 0.0088 0.0194 0.1412 0.0047 0.1270 0.0038 0.0032 0.0029 0.0023 0.0044 0.0029 0.0007 0.0014 0.0009 0.0005
0.0026 0.0038 0.0017 0.0023 0.0028 0.0028 0.0042 0.0018 0.0050 0.0031 0.0025 0.0017 0.0030 0.0039 0.0041 0.0026 0.0056 0.0108 0.0095 0.0202 0.0053 0.0099 0.0067 0.0088 0.0028 0.0219 0.0252 0.0022 0.0035 0.0013 0.0105 0.1641 0.1492 0.1399 0.0293 0.0120 0.0227 0.1287 0.0069 0.1184 0.0057 0.0050 0.0046 0.0037 0.0066 0.0045 0.0014 0.0025 0.0017 0.0010
0.0024 0.0035 0.0015 0.0021 0.0026 0.0026 0.0041 0.0015 0.0044 0.0029 0.0023 0.0015 0.0028 0.0036 0.0037 0.0025 0.0055 0.0099 0.0088 0.0193 0.0053 0.0089 0.0067 0.0077 0.0026 0.0205 0.0242 0.0020 0.0033 0.0012 0.0102 0.1706 0.1539 0.1434 0.0297 0.0112 0.0234 0.1301 0.0065 0.1172 0.0055 0.0045 0.0043 0.0034 0.0062 0.0042 0.0012 0.0021 0.0015 0.0008
0.0061 0.0079 0.0046 0.0056 0.0065 0.0064 0.0086 0.0047 0.0097 0.0069 0.0059 0.0045 0.0067 0.0081 0.0084 0.0062 0.0105 0.0167 0.0153 0.0261 0.0102 0.0157 0.0120 0.0145 0.0064 0.0279 0.0307 0.0054 0.0075 0.0039 0.0162 0.1142 0.1065 0.1016 0.0334 0.0178 0.0280 0.0953 0.0121 0.0897 0.0106 0.0096 0.0091 0.0078 0.0117 0.0090 0.0040 0.0059 0.0046 0.0031
