0.0035 0.0054 0.0026 0.0023 0.0251 0.0030 0.0043 0.0619 0.0788 0.0079 0.0053 0.0062 0.0027 0.0077 0.0419 0.0011 0.0013 0.0917 0.1081 0.0726 0.0045 0.0894 0.0029 0.2201 0.0032 0.0026 0.0071 0.0025 0.0042 0.0064 0.0054 0.0410 0.0187 0.0090 0.0032 0.0034 0.0009 0.0051 0.0012 0.0067 0.0007 0.0014 0.0007 0.0010 0.0009 0.0009 0.0013 0.0044 0.0013 0.0165
0.0043 0.0064 0.0033 0.0030 0.0271 0.0037 0.0053 0.0616 0.0769 0.0093 0.0064 0.0074 0.0034 0.0089 0.0431 0.0014 0.0017 0.0893 0.1051 0.0719 0.0055 0.0873 0.0037 0.2009 0.0040 0.0031 0.0080 0.0031 0.0052 0.0076 0.0063 0.0403 0.0192 0.0097 0.0037 0.0040 0.0012 0.0057 0.0016 0.0074 0.0010 0.0018 0.0010 0.0013 0.0012 0.0011 0.0017 0.0051 0.0017 0.0175
0.0033 0.0052 0.0025 0.0022 0.0246 0.0028 0.0041 0.0620 0.0792 0.0076 0.0051 0.0059 0.0025 0.0075 0.0416 0.0010 0.0012 0.0921 0.1084 0.0725 0.0043 0.0897 0.0028 0.2238 0.0030 0.0025 0.0070 0.0024 0.0041 0.0062 0.0052 0.0413 0.0186 0.0089 0.0031 0.0033 0.0009 0.0050 0.0012 0.0067 0.0007 0.0013 0.0007 0.0009 0.0008 0.0008 0.0013 0.0043 0.0012 0.0164
0.0036 0.0055 0.0027 0.0024 0.0255 0.0031 0.0045 0.0619 0.0784 0.0081 0.0055 0.0064 0.0028 0.0079 0.0422 0.0011 0.0014 0.0916 0.1081 0.0727 0.0047 0.0893 0.0030 0.2173 0.0033 0.0027 0.0072 0.0026 0.0044 0.0066 0.0055 0.0405 0.0185 0.0090 0.0032 0.0035 0.0010 0.0051 0.0013 0.0067 0.0008 0.0014 0.0008 0.0010 0.0009 0.0009 0.0014 0.0045 0.0014 0.0165
0.0062 0.0086 0.0050 0.0045 0.0304 0.0054 0.0074 0.0598 0.0718 0.0122 0.0089 0.0101 0.0051 0.0114 0.0445 0.0024 0.0028 0.0829 0.0966 0.0688 0.0078 0.0814 0.0054 0.1651 0.0059 0.0044 0.0100 0.0048 0.0073 0.0102 0.0084 0.0388 0.0204 0.0112 0.0051 0.0054 0.0020 0.0070 0.0025 0.0087 0.0017 0.0027 0.0016 0.0021 0.0019 0.0019 0.0027 0.0068 0.0027 0.0193
0.0039 0.0059 0.0030 0.0027 0.0265 0.0033 0.0048 0.0616 0.0773 0.0087 0.0059 0.0069 0.0030 0.0082 0.0428 0.0012 0.0015 0.0912 0.1084 0.0730 0.0051 0.0892 0.0033 0.2110 0.0036 0.0028 0.0074 0.0028 0.0047 0.0071 0.0058 0.0390 0.0181 0.0089 0.0033 0.0035 0.0011 0.0050 0.0013 0.0066 0.0008 0.0015 0.0008 0.0011 0.0010 0.0010 0.0015 0.0046 0.0015 0.0164
0.0047 0.0069 0.0037 0.0033 0.0280 0.0041 0.0058 0.0614 0.0762 0.0099 0.0069 0.0080 0.0037 0.0095 0.0437 0.0016 0.0019 0.0876 0.1027 0.0711 0.0060 0.0857 0.0040 0.1916 0.0044 0.0034 0.0085 0.0035 0.0056 0.0082 0.0068 0.0403 0.0197 0.0102 0.0041 0.0044 0.0014 0.0061 0.0018 0.0078 0.0011 0.0020 0.0011 0.0015 0.0013 0.0013 0.0019 0.0056 0.0019 0.0182
0.0101 0.0129 0.0086 0.0081 0.0321 0.0092 0.0117 0.0517 0.0587 0.0167 0.0132 0.0146 0.0088 0.0155 0.0420 0.0051 0.0057 0.0671 0.0754 0.0591 0.0121 0.0665 0.0093 0.1099 0.0099 0.0077 0.0141 0.0084 0.0114 0.0147 0.0126 0.0375 0.0234 0.0151 0.0087 0.0088 0.0045 0.0107 0.0051 0.0126 0.0039 0.0055 0.0038 0.0046 0.0043 0.0042 0.0056 0.0105 0.0055 0.0224
0.0133 0.0159 0.0118 0.0113 0.0322 0.0124 0.0149 0.0449 0.0493 0.0198 0.0165 0.0179 0.0121 0.0183 0.0387 0.0080 0.0086 0.0545 0.0602 0.0494 0.0154 0.0541 0.0126 0.0787 0.0132 0.0101 0.0163 0.0117 0.0147 0.0178 0.0153 0.0331 0.0231 0.0164 0.0112 0.0113 0.0069 0.0126 0.0076 0.0142 0.0063 0.0080 0.0062 0.0071 0.0067 0.0066 0.0083 0.0131 0.0082 0.0230
0.0049 0.0071 0.0038 0.0034 0.0287 0.0042 0.0060 0.0612 0.0755 0.0104 0.0072 0.0084 0.0039 0.0097 0.0440 0.0017 0.0020 0.0879 0.1039 0.0715 0.0063 0.0861 0.0042 0.1897 0.0046 0.0033 0.0084 0.0036 0.0059 0.0085 0.0069 0.0384 0.0188 0.0097 0.0040 0.0042 0.0014 0.0057 0.0018 0.0074 0.0011 0.0020 0.0011 0.0015 0.0013 0.0013 0.0020 0.0055 0.0020 0.0177
0.0045 0.0066 0.0035 0.0031 0.0279 0.0038 0.0055 0.0615 0.0763 0.0097 0.0067 0.0078 0.0035 0.0091 0.0436 0.0015 0.0018 0.0894 0.1061 0.0723 0.0058 0.0876 0.0038 0.1984 0.0042 0.0031 0.0079 0.0033 0.0054 0.0079 0.0064 0.0385 0.0184 0.0093 0.0037 0.0039 0.0013 0.0054 0.0016 0.0070 0.0010 0.0018 0.0010 0.0013 0.0012 0.0012 0.0018 0.0051 0.0017 0.0171
0.0042 0.0062 0.0032 0.0029 0.0272 0.0036 0.0052 0.0617 0.0770 0.0092 0.0063 0.0073 0.0033 0.0087 0.0432 0.0014 0.0016 0.0902 0.1070 0.0724 0.0054 0.0882 0.0036 0.2045 0.0039 0.0029 0.0077 0.0030 0.0051 0.0075 0.0061 0.0390 0.0184 0.0091 0.0035 0.0038 0.0012 0.0053 0.0015 0.0069 0.0009 0.0017 0.0009 0.0012 0.0011 0.0011 0.0016 0.0049 0.0016 0.0169
0.0045 0.0066 0.0034 0.0031 0.0277 0.0038 0.0055 0.0616 0.0766 0.0096 0.0066 0.0077 0.0035 0.0091 0.0435 0.0015 0.0018 0.0890 0.1050 0.0719 0.0057 0.0871 0.0038 0.1979 0.0042 0.0032 0.0081 0.0033 0.0054 0.0079 0.0064 0.0394 0.0189 0.0096 0.0038 0.0040 0.0013 0.0056 0.0016 0.0073 0.0010 0.0018 0.0010 0.0013 0.0012 0.0012 0.0018 0.0052 0.0018 0.0175
0.0073 0.0099 0.0060 0.0055 0.0315 0.0065 0.0087 0.0581 0.0687 0.0137 0.0102 0.0115 0.0061 0.0127 0.0444 0.0031 0.0035 0.0784 0.0906 0.0662 0.0091 0.0772 0.0065 0.1473 0.0070 0.0052 0.0112 0.0058 0.0085 0.0116 0.0096 0.0385 0.0213 0.0123 0.0061 0.0063 0.0026 0.0080 0.0031 0.0098 0.0022 0.0034 0.0021 0.0027 0.0025 0.0024 0.0035 0.0079 0.0034 0.0205
0.0093 0.0119 0.0078 0.0072 0.0342 0.0083 0.0110 0.0544 0.0619 0.0169 0.0129 0.0146 0.0081 0.0145 0.0443 0.0044 0.0049 0.0740 0.0869 0.0645 0.0117 0.0735 0.0086 0.1263 0.0092 0.0057 0.0118 0.0077 0.0107 0.0144 0.0111 0.0329 0.0191 0.0114 0.0067 0.0067 0.0033 0.0076 0.0038 0.0091 0.0030 0.0041 0.0028 0.0035 0.0032 0.0032 0.0045 0.0084 0.0044 0.0193
0.0040 0.0060 0.0030 0.0027 0.0258 0.0034 0.0048 0.0621 0.0784 0.0085 0.0058 0.0067 0.0030 0.0085 0.0425 0.0013 0.0015 0.0891 0.1035 0.0711 0.0050 0.0868 0.0033 0.2061 0.0036 0.0031 0.0080 0.0028 0.0048 0.0070 0.0060 0.0431 0.0205 0.0103 0.0037 0.0041 0.0012 0.0060 0.0015 0.0078 0.0009 0.0017 0.0009 0.0012 0.0011 0.0011 0.0016 0.0051 0.0016 0.0181
0.0051 0.0073 0.0040 0.0036 0.0285 0.0044 0.0061 0.0611 0.0754 0.0104 0.0073 0.0084 0.0040 0.0100 0.0438 0.0018 0.0021 0.0861 0.1004 0.0703 0.0064 0.0843 0.0043 0.1840 0.0047 0.0037 0.0090 0.0038 0.0060 0.0087 0.0072 0.0408 0.0204 0.0108 0.0044 0.0047 0.0016 0.0065 0.0020 0.0083 0.0013 0.0022 0.0013 0.0016 0.0015 0.0014 0.0021 0.0060 0.0021 0.0188
0.0155 0.0177 0.0142 0.0136 0.0329 0.0147 0.0175 0.0400 0.0422 0.0227 0.0194 0.0209 0.0148 0.0192 0.0366 0.0103 0.0109 0.0499 0.0563 0.0468 0.0185 0.0502 0.0154 0.0661 0.0160 0.0102 0.0160 0.0144 0.0170 0.0205 0.0165 0.0269 0.0195 0.0142 0.0114 0.0109 0.0080 0.0111 0.0085 0.0123 0.0078 0.0087 0.0073 0.0084 0.0078 0.0078 0.0099 0.0128 0.0097 0.0202
0.0145 0.0168 0.0130 0.0125 0.0337 0.0136 0.0165 0.0427 0.0456 0.0220 0.0185 0.0201 0.0136 0.0186 0.0384 0.0091 0.0096 0.0542 0.0617 0.0503 0.0175 0.0544 0.0142 0.0749 0.0149 0.0093 0.0154 0.0132 0.0160 0.0197 0.0156 0.0280 0.0195 0.0137 0.0105 0.0101 0.0070 0.0104 0.0075 0.0117 0.0067 0.0077 0.0063 0.0073 0.0068 0.0068 0.0087 0.0120 0.0086 0.0202
0.0166 0.0185 0.0154 0.0149 0.0313 0.0159 0.0184 0.0367 0.0384 0.0230 0.0201 0.0214 0.0159 0.0197 0.0342 0.0117 0.0123 0.0446 0.0496 0.0424 0.0194 0.0449 0.0165 0.0565 0.0171 0.0115 0.0169 0.0156 0.0180 0.0210 0.0175 0.0262 0.0198 0.0152 0.0127 0.0121 0.0095 0.0123 0.0100 0.0134 0.0092 0.0101 0.0087 0.0098 0.0093 0.0092 0.0113 0.0139 0.0110 0.0204
0.0057 0.0081 0.0045 0.0041 0.0299 0.0050 0.0069 0.0603 0.0732 0.0116 0.0083 0.0095 0.0046 0.0108 0.0444 0.0021 0.0025 0.0846 0.0992 0.0699 0.0073 0.0831 0.0050 0.1733 0.0054 0.0040 0.0094 0.0044 0.0068 0.0096 0.0079 0.0388 0.0199 0.0107 0.0048 0.0050 0.0018 0.0066 0.0022 0.0083 0.0015 0.0025 0.0015 0.0019 0.0017 0.0017 0.0025 0.0063 0.0024 0.0188
0.0157 0.0178 0.0144 0.0138 0.0326 0.0149 0.0177 0.0394 0.0415 0.0227 0.0195 0.0210 0.0149 0.0193 0.0362 0.0105 0.0111 0.0489 0.0550 0.0460 0.0186 0.0492 0.0156 0.0643 0.0162 0.0105 0.0162 0.0145 0.0172 0.0205 0.0167 0.0269 0.0196 0.0144 0.0117 0.0111 0.0083 0.0114 0.0088 0.0125 0.0080 0.0090 0.0075 0.0086 0.0081 0.0081 0.0101 0.0130 0.0099 0.0203
0.0057 0.0081 0.0046 0.0041 0.0297 0.0050 0.0069 0.0602 0.0733 0.0115 0.0082 0.0094 0.0046 0.0108 0.0442 0.0022 0.0025 0.0841 0.0980 0.0695 0.0072 0.0825 0.0050 0.1721 0.0054 0.0041 0.0096 0.0044 0.0068 0.0096 0.0080 0.0397 0.0205 0.0111 0.0049 0.0051 0.0019 0.0069 0.0023 0.0086 0.0015 0.0025 0.0015 0.0019 0.0018 0.0017 0.0025 0.0065 0.0025 0.0192
0.0171 0.0189 0.0159 0.0154 0.0321 0.0164 0.0191 0.0362 0.0376 0.0239 0.0210 0.0224 0.0166 0.0199 0.0342 0.0123 0.0127 0.0442 0.0497 0.0422 0.0202 0.0446 0.0172 0.0553 0.0179 0.0110 0.0164 0.0162 0.0185 0.0218 0.0174 0.0244 0.0184 0.0140 0.0123 0.0116 0.0094 0.0114 0.0098 0.0123 0.0093 0.0099 0.0087 0.0098 0.0093 0.0092 0.0114 0.0135 0.0112 0.0196
0.0047 0.0069 0.0037 0.0033 0.0280 0.0041 0.0058 0.0614 0.0760 0.0100 0.0070 0.0080 0.0037 0.0095 0.0436 0.0016 0.0019 0.0875 0.1025 0.0711 0.0060 0.0857 0.0041 0.1910 0.0044 0.0034 0.0086 0.0035 0.0057 0.0082 0.0068 0.0404 0.0198 0.0103 0.0041 0.0044 0.0014 0.0061 0.0018 0.0079 0.0011 0.0020 0.0011 0.0015 0.0013 0.0013 0.0020 0.0056 0.0019 0.0182
0.0134 0.0159 0.0119 0.0114 0.0297 0.0125 0.0146 0.0424 0.0467 0.0186 0.0158 0.0168 0.0120 0.0182 0.0364 0.0082 0.0089 0.0508 0.0546 0.0468 0.0149 0.0506 0.0125 0.0723 0.0129 0.0117 0.0177 0.0116 0.0145 0.0172 0.0161 0.0364 0.0264 0.0196 0.0128 0.0131 0.0079 0.0155 0.0088 0.0174 0.0071 0.0092 0.0071 0.0081 0.0077 0.0076 0.0091 0.0145 0.0090 0.0247
0.0120 0.0148 0.0105 0.0100 0.0311 0.0111 0.0135 0.0463 0.0517 0.0180 0.0149 0.0160 0.0106 0.0172 0.0390 0.0068 0.0075 0.0577 0.0634 0.0524 0.0139 0.0575 0.0112 0.0871 0.0117 0.0098 0.0162 0.0103 0.0133 0.0163 0.0148 0.0372 0.0253 0.0177 0.0110 0.0112 0.0063 0.0134 0.0071 0.0153 0.0056 0.0075 0.0056 0.0065 0.0061 0.0060 0.0075 0.0128 0.0074 0.0238
0.0040 0.0061 0.0031 0.0027 0.0263 0.0034 0.0049 0.0621 0.0783 0.0087 0.0060 0.0069 0.0031 0.0085 0.0427 0.0013 0.0016 0.0894 0.1046 0.0715 0.0051 0.0872 0.0034 0.2060 0.0037 0.0030 0.0079 0.0029 0.0048 0.0071 0.0060 0.0417 0.0197 0.0099 0.0036 0.0039 0.0012 0.0057 0.0015 0.0075 0.0009 0.0017 0.0009 0.0012 0.0011 0.0011 0.0016 0.0051 0.0016 0.0177
0.0048 0.0070 0.0038 0.0034 0.0280 0.0042 0.0059 0.0614 0.0761 0.0100 0.0070 0.0081 0.0038 0.0097 0.0437 0.0017 0.0020 0.0869 0.1014 0.0706 0.0061 0.0850 0.0041 0.1887 0.0045 0.0036 0.0088 0.0036 0.0058 0.0083 0.0070 0.0409 0.0202 0.0105 0.0042 0.0045 0.0015 0.0063 0.0018 0.0081 0.0012 0.0021 0.0012 0.0015 0.0014 0.0014 0.0020 0.0058 0.0020 0.0186
0.0038 0.0058 0.0029 0.0026 0.0252 0.0033 0.0047 0.0622 0.0786 0.0082 0.0056 0.0065 0.0029 0.0083 0.0421 0.0012 0.0015 0.0893 0.1033 0.0710 0.0048 0.0869 0.0032 0.2087 0.0035 0.0031 0.0080 0.0027 0.0046 0.0068 0.0059 0.0441 0.0209 0.0105 0.0037 0.0040 0.0011 0.0061 0.0015 0.0080 0.0009 0.0017 0.0009 0.0012 0.0011 0.0010 0.0015 0.0051 0.0015 0.0182
0.0062 0.0087 0.0050 0.0046 0.0306 0.0055 0.0075 0.0592 0.0714 0.0123 0.0089 0.0101 0.0051 0.0114 0.0442 0.0024 0.0028 0.0826 0.0965 0.0692 0.0079 0.0814 0.0055 0.1640 0.0059 0.0043 0.0100 0.0048 0.0074 0.0103 0.0085 0.0389 0.0205 0.0113 0.0052 0.0054 0.0021 0.0071 0.0025 0.0088 0.0017 0.0028 0.0017 0.0022 0.0020 0.0019 0.0028 0.0068 0.0027 0.0193
0.0198 0.0204 0.0194 0.0193 0.0232 0.0196 0.0204 0.0234 0.0237 0.0216 0.0209 0.0212 0.0196 0.0203 0.0233 0.0181 0.0184 0.0251 0.0260 0.0251 0.0208 0.0253 0.0199 0.0264 0.0201 0.0172 0.0192 0.0196 0.0203 0.0212 0.0200 0.0213 0.0198 0.0185 0.0181 0.0176 0.0171 0.0175 0.0172 0.0179 0.0171 0.0172 0.0167 0.0172 0.0170 0.0170 0.0179 0.0184 0.0177 0.0200
0.0186 0.0197 0.0179 0.0176 0.0247 0.0181 0.0193 0.0269 0.0278 0.0212 0.0199 0.0204 0.0180 0.0203 0.0259 0.0157 0.0161 0.0294 0.0306 0.0289 0.0196 0.0295 0.0184 0.0330 0.0186 0.0165 0.0196 0.0178 0.0192 0.0205 0.0197 0.0248 0.0220 0.0197 0.0176 0.0173 0.0152 0.0181 0.0156 0.0188 0.0147 0.0157 0.0145 0.0153 0.0150 0.0149 0.0160 0.0182 0.0159 0.0216
0.0174 0.0190 0.0165 0.0162 0.0253 0.0169 0.0182 0.0296 0.0311 0.0203 0.0188 0.0193 0.0165 0.0200 0.0277 0.0138 0.0144 0.0326 0.0337 0.0316 0.0184 0.0326 0.0169 0.0384 0.0171 0.0163 0.0199 0.0163 0.0181 0.0196 0.0193 0.0281 0.0242 0.0211 0.0173 0.0173 0.0139 0.0190 0.0145 0.0200 0.0131 0.0148 0.0131 0.0139 0.0136 0.0136 0.0146 0.0182 0.0145 0.0231
0.0083 0.0111 0.0069 0.0064 0.0315 0.0075 0.0097 0.0556 0.0652 0.0146 0.0112 0.0124 0.0070 0.0139 0.0434 0.0038 0.0043 0.0732 0.0830 0.0631 0.0101 0.0723 0.0075 0.1306 0.0079 0.0063 0.0126 0.0067 0.0096 0.0127 0.0109 0.0400 0.0234 0.0142 0.0074 0.0076 0.0034 0.0097 0.0040 0.0116 0.0028 0.0043 0.0028 0.0035 0.0032 0.0031 0.0043 0.0092 0.0042 0.0220
0.0076 0.0103 0.0063 0.0058 0.0311 0.0068 0.0090 0.0568 0.0670 0.0138 0.0104 0.0116 0.0064 0.0131 0.0437 0.0033 0.0038 0.0762 0.0869 0.0651 0.0093 0.0752 0.0068 0.1404 0.0073 0.0058 0.0119 0.0060 0.0088 0.0119 0.0102 0.0403 0.0229 0.0135 0.0067 0.0070 0.0029 0.0090 0.0035 0.0110 0.0025 0.0038 0.0024 0.0030 0.0028 0.0027 0.0038 0.0085 0.0037 0.0214
0.0061 0.0086 0.0049 0.0044 0.0291 0.0053 0.0072 0.0593 0.0724 0.0116 0.0084 0.0095 0.0049 0.0114 0.0435 0.0024 0.0028 0.0807 0.0920 0.0674 0.0074 0.0793 0.0053 0.1620 0.0056 0.0048 0.0107 0.0046 0.0071 0.0098 0.0087 0.0435 0.0234 0.0131 0.0057 0.0061 0.0022 0.0084 0.0027 0.0105 0.0018 0.0030 0.0018 0.0023 0.0021 0.0020 0.0029 0.0075 0.0028 0.0211
0.0161 0.0181 0.0150 0.0146 0.0257 0.0155 0.0168 0.0325 0.0348 0.0192 0.0175 0.0180 0.0149 0.0197 0.0294 0.0120 0.0127 0.0358 0.0369 0.0341 0.0169 0.0357 0.0153 0.0445 0.0156 0.0160 0.0202 0.0147 0.0169 0.0184 0.0187 0.0321 0.0268 0.0228 0.0171 0.0175 0.0126 0.0201 0.0134 0.0215 0.0116 0.0139 0.0118 0.0126 0.0123 0.0122 0.0132 0.0182 0.0132 0.0249
0.0051 0.0074 0.0040 0.0036 0.0278 0.0044 0.0061 0.0607 0.0752 0.0102 0.0072 0.0082 0.0040 0.0101 0.0433 0.0018 0.0022 0.0847 0.0973 0.0695 0.0063 0.0830 0.0043 0.1806 0.0047 0.0040 0.0095 0.0038 0.0060 0.0085 0.0075 0.0437 0.0223 0.0120 0.0048 0.0052 0.0017 0.0073 0.0021 0.0094 0.0013 0.0024 0.0014 0.0018 0.0016 0.0016 0.0022 0.0064 0.0022 0.0199
0.0171 0.0187 0.0161 0.0158 0.0247 0.0165 0.0177 0.0296 0.0313 0.0196 0.0182 0.0186 0.0160 0.0199 0.0274 0.0134 0.0141 0.0322 0.0330 0.0311 0.0177 0.0322 0.0164 0.0383 0.0166 0.0169 0.0204 0.0158 0.0177 0.0190 0.0192 0.0295 0.0256 0.0224 0.0178 0.0181 0.0141 0.0203 0.0147 0.0215 0.0132 0.0152 0.0133 0.0140 0.0138 0.0137 0.0146 0.0187 0.0145 0.0240
0.0040 0.0061 0.0031 0.0027 0.0257 0.0034 0.0049 0.0616 0.0781 0.0085 0.0058 0.0067 0.0031 0.0085 0.0422 0.0013 0.0016 0.0884 0.1022 0.0710 0.0050 0.0864 0.0034 0.2038 0.0036 0.0032 0.0082 0.0029 0.0048 0.0070 0.0062 0.0444 0.0213 0.0108 0.0039 0.0042 0.0012 0.0064 0.0016 0.0083 0.0009 0.0018 0.0010 0.0013 0.0012 0.0011 0.0017 0.0053 0.0016 0.0185
0.0051 0.0075 0.0040 0.0036 0.0278 0.0045 0.0062 0.0605 0.0747 0.0103 0.0073 0.0083 0.0041 0.0101 0.0432 0.0018 0.0022 0.0846 0.0971 0.0695 0.0064 0.0829 0.0044 0.1795 0.0047 0.0041 0.0096 0.0038 0.0061 0.0086 0.0076 0.0437 0.0224 0.0120 0.0048 0.0052 0.0017 0.0074 0.0021 0.0094 0.0014 0.0024 0.0014 0.0018 0.0016 0.0016 0.0023 0.0064 0.0022 0.0199
0.0044 0.0065 0.0034 0.0030 0.0262 0.0038 0.0053 0.0613 0.0770 0.0090 0.0063 0.0072 0.0034 0.0091 0.0425 0.0015 0.0018 0.0868 0.0997 0.0703 0.0054 0.0849 0.0037 0.1944 0.0040 0.0036 0.0088 0.0032 0.0052 0.0075 0.0067 0.0451 0.0222 0.0116 0.0043 0.0047 0.0014 0.0070 0.0018 0.0090 0.0011 0.0020 0.0011 0.0015 0.0013 0.0013 0.0019 0.0058 0.0019 0.0193
0.0045 0.0067 0.0035 0.0031 0.0264 0.0039 0.0054 0.0612 0.0767 0.0092 0.0064 0.0073 0.0035 0.0093 0.0426 0.0015 0.0018 0.0865 0.0992 0.0701 0.0056 0.0845 0.0038 0.1921 0.0041 0.0037 0.0090 0.0032 0.0053 0.0077 0.0068 0.0451 0.0223 0.0117 0.0044 0.0048 0.0015 0.0070 0.0018 0.0091 0.0011 0.0021 0.0011 0.0015 0.0014 0.0013 0.0019 0.0059 0.0019 0.0195
0.0050 0.0073 0.0039 0.0035 0.0271 0.0043 0.0059 0.0609 0.0759 0.0098 0.0070 0.0079 0.0039 0.0100 0.0429 0.0018 0.0021 0.0842 0.0958 0.0688 0.0061 0.0823 0.0042 0.1813 0.0045 0.0041 0.0097 0.0036 0.0059 0.0083 0.0074 0.0458 0.0234 0.0126 0.0049 0.0053 0.0017 0.0078 0.0021 0.0099 0.0013 0.0024 0.0014 0.0018 0.0016 0.0016 0.0022 0.0065 0.0022 0.0205
0.0047 0.0070 0.0037 0.0033 0.0267 0.0041 0.0057 0.0610 0.0762 0.0095 0.0067 0.0076 0.0037 0.0096 0.0427 0.0016 0.0020 0.0851 0.0969 0.0693 0.0058 0.0832 0.0040 0.1857 0.0043 0.0040 0.0094 0.0034 0.0056 0.0080 0.0072 0.0460 0.0232 0.0124 0.0047 0.0051 0.0016 0.0076 0.0020 0.0097 0.0012 0.0023 0.0013 0.0016 0.0015 0.0015 0.0021 0.0063 0.0021 0.0202
0.0036 0.0056 0.0027 0.0024 0.0243 0.0031 0.0044 0.0620 0.0794 0.0077 0.0053 0.0061 0.0027 0.0080 0.0415 0.0011 0.0014 0.0888 0.1017 0.0705 0.0045 0.0864 0.0030 0.2113 0.0032 0.0031 0.0080 0.0025 0.0044 0.0064 0.0058 0.0467 0.0221 0.0111 0.0037 0.0041 0.0011 0.0065 0.0014 0.0085 0.0008 0.0017 0.0009 0.0012 0.0010 0.0010 0.0015 0.0052 0.0015 0.0187
0.0077 0.0105 0.0064 0.0059 0.0300 0.0069 0.0089 0.0565 0.0672 0.0134 0.0102 0.0113 0.0064 0.0134 0.0430 0.0034 0.0039 0.0733 0.0816 0.0624 0.0092 0.0720 0.0068 0.1345 0.0072 0.0065 0.0129 0.0061 0.0089 0.0117 0.0106 0.0439 0.0257 0.0156 0.0075 0.0080 0.0032 0.0106 0.0039 0.0129 0.0027 0.0043 0.0027 0.0033 0.0031 0.0030 0.0040 0.0094 0.0040 0.0234
0.0040 0.0061 0.0031 0.0028 0.0255 0.0034 0.0049 0.0618 0.0783 0.0085 0.0058 0.0067 0.0031 0.0086 0.0422 0.0013 0.0016 0.0880 0.1012 0.0705 0.0050 0.0858 0.0034 0.2024 0.0036 0.0033 0.0084 0.0029 0.0048 0.0070 0.0063 0.0453 0.0218 0.0112 0.0040 0.0044 0.0013 0.0066 0.0016 0.0086 0.0010 0.0018 0.0010 0.0013 0.0012 0.0011 0.0017 0.0054 0.0017 0.0189
0.0093 0.0121 0.0078 0.0073 0.0307 0.0084 0.0106 0.0531 0.0614 0.0152 0.0120 0.0131 0.0079 0.0150 0.0420 0.0045 0.0051 0.0679 0.0751 0.0591 0.0109 0.0669 0.0084 0.1154 0.0088 0.0078 0.0143 0.0075 0.0105 0.0134 0.0121 0.0416 0.0258 0.0166 0.0088 0.0092 0.0042 0.0117 0.0049 0.0139 0.0036 0.0054 0.0036 0.0043 0.0041 0.0040 0.0052 0.0107 0.0051 0.0238
