0.0000 0.0000 0.0000 0.0000 0.0000 0.0000 0.0000 0.0214 0.0013 0.0000 0.0000 0.0000 0.0000 0.0000 0.0006 0.0000 0.0000 0.0458 0.0159 0.0512 0.0000 0.0742 0.0000 0.0584 0.0000 0.0038 0.0027 0.0000 0.0000 0.0000 0.0001 0.0775 0.1025 0.0919 0.0004 0.0022 0.0001 0.1086 0.0004 0.3296 0.0001 0.0005 0.0002 0.0002 0.0001 0.0002 0.0001 0.0004 0.0000 0.0092
0.0000 0.0000 0.0000 0.0000 0.0000 0.0000 0.0000 0.0221 0.0015 0.0000 0.0000 0.0000 0.0000 0.0000 0.0007 0.0000 0.0000 0.0435 0.0155 0.0486 0.0000 0.0696 0.0000 0.0564 0.0000 0.0044 0.0031 0.0000 0.0000 0.0000 0.0001 0.0788 0.1042 0.0950 0.0004 0.0025 0.0001 0.1126 0.0005 0.3278 0.0001 0.0006 0.0002 0.0003 0.0001 0.0002 0.0002 0.0005 0.0000 0.0099
0.0000 0.0000 0.0000 0.0000 0.0000 0.0000 0.0000 0.0214 0.0013 0.0000 0.0000 0.0000 0.0000 0.0000 0.0006 0.0000 0.0000 0.0490 0.0169 0.0547 0.0000 0.0796 0.0000 0.0610 0.0000 0.0036 0.0026 0.0000 0.0000 0.0000 0.0001 0.0767 0.1010 0.0892 0.0003 0.0020 0.0001 0.1048 0.0004 0.3238 0.0001 0.0005 0.0001 0.0002 0.0001 0.0002 0.0001 0.0004 0.0000 0.0089
0.0000 0.0000 0.0000 0.0000 0.0000 0.0000 0.0000 0.0212 0.0012 0.0000 0.0000 0.0000 0.0000 0.0000 0.0006 0.0000 0.0000 0.0477 0.0164 0.0534 0.0000 0.0776 0.0000 0.0599 0.0000 0.0037 0.0026 0.0000 0.0000 0.0000 0.0001 0.0769 0.1015 0.0901 0.0003 0.0021 0.0001 0.1061 0.0004 0.3272 0.0001 0.0005 0.0001 0.0002 0.0001 0.0002 0.0001 0.0004 0.0000 0.0089
0.0000 0.0001 0.0000 0.0000 0.0001 0.0000 0.0000 0.0246 0.0018 0.0000 0.0000 0.0000 0.0000 0.0000 0.0010 0.0000 0.0000 0.0510 0.0191 0.0563 0.0000 0.0795 0.0000 0.0629 0.0000 0.0049 0.0035 0.0000 0.0000 0.0000 0.0002 0.0788 0.1017 0.0913 0.0005 0.0029 0.0001 0.1063 0.0007 0.2986 0.0001 0.0008 0.0002 0.0004 0.0002 0.0003 0.0002 0.0007 0.0001 0.0110
0.0000 0.0000 0.0000 0.0000 0.0000 0.0000 0.0000 0.0213 0.0013 0.0000 0.0000 0.0000 0.0000 0.0000 0.0007 0.0000 0.0000 0.0448 0.0156 0.0501 0.0000 0.0724 0.0000 0.0575 0.0000 0.0039 0.0028 0.0000 0.0000 0.0000 0.0001 0.0780 0.1032 0.0930 0.0004 0.0022 0.0001 0.1100 0.0005 0.3309 0.0001 0.0005 0.0002 0.0002 0.0001 0.0002 0.0001 0.0005 0.0000 0.0092
0.0000 0.0001 0.0001 0.0000 0.0001 0.0000 0.0000 0.0247 0.0020 0.0000 0.0000 0.0000 0.0000 0.0000 0.0010 0.0000 0.0000 0.0470 0.0180 0.0520 0.0000 0.0727 0.0000 0.0595 0.0000 0.0054 0.0039 0.0000 0.0000 0.0000 0.0002 0.0803 0.1041 0.0953 0.0006 0.0032 0.0001 0.1113 0.0008 0.3023 0.0002 0.0009 0.0003 0.0004 0.0002 0.0004 0.0002 0.0008 0.0001 0.0116
0.0002 0.0002 0.0002 0.0001 0.0002 0.0001 0.0000 0.0309 0.0035 0.0000 0.0000 0.0001 0.0000 0.0001 0.0021 0.0000 0.0000 0.0604 0.0269 0.0658 0.0000 0.0876 0.0000 0.0704 0.0000 0.0077 0.0060 0.0000 0.0000 0.0001 0.0005 0.0805 0.0987 0.0887 0.0013 0.0050 0.0003 0.1000 0.0015 0.2374 0.0004 0.0017 0.0007 0.0009 0.0005 0.0008 0.0006 0.0015 0.0002 0.0156
0.0003 0.0004 0.0003 0.0002 0.0004 0.0002 0.0001 0.0331 0.0050 0.0001 0.0001 0.0001 0.0001 0.0003 0.0029 0.0001 0.0001 0.0475 0.0229 0.0514 0.0001 0.0663 0.0000 0.0598 0.0000 0.0113 0.0088 0.0000 0.0001 0.0002 0.0008 0.0843 0.1040 0.1000 0.0022 0.0078 0.0007 0.1143 0.0025 0.2392 0.0007 0.0028 0.0012 0.0016 0.0009 0.0014 0.0011 0.0025 0.0005 0.0195
0.0000 0.0000 0.0000 0.0000 0.0000 0.0000 0.0000 0.0217 0.0014 0.0000 0.0000 0.0000 0.0000 0.0000 0.0007 0.0000 0.0000 0.0459 0.0161 0.0513 0.0000 0.0740 0.0000 0.0584 0.0000 0.0040 0.0028 0.0000 0.0000 0.0000 0.0001 0.0778 0.1027 0.0923 0.0004 0.0023 0.0001 0.1090 0.0005 0.3269 0.0001 0.0006 0.0002 0.0003 0.0001 0.0002 0.0001 0.0005 0.0000 0.0094
0.0000 0.0000 0.0000 0.0000 0.0000 0.0000 0.0000 0.0202 0.0011 0.0000 0.0000 0.0000 0.0000 0.0000 0.0005 0.0000 0.0000 0.0449 0.0150 0.0504 0.0000 0.0739 0.0000 0.0575 0.0000 0.0034 0.0024 0.0000 0.0000 0.0000 0.0001 0.0764 0.1020 0.0909 0.0003 0.0019 0.0000 0.1079 0.0004 0.3408 0.0001 0.0004 0.0001 0.0002 0.0001 0.0002 0.0001 0.0004 0.0000 0.0083
0.0000 0.0000 0.0000 0.0000 0.0000 0.0000 0.0000 0.0198 0.0010 0.0000 0.0000 0.0000 0.0000 0.0000 0.0005 0.0000 0.0000 0.0472 0.0153 0.0529 0.0000 0.0787 0.0000 0.0594 0.0000 0.0030 0.0021 0.0000 0.0000 0.0000 0.0001 0.0749 0.1000 0.0877 0.0002 0.0016 0.0000 0.1040 0.0003 0.3420 0.0000 0.0004 0.0001 0.0002 0.0001 0.0001 0.0001 0.0003 0.0000 0.0078
0.0000 0.0000 0.0000 0.0000 0.0000 0.0000 0.0000 0.0203 0.0011 0.0000 0.0000 0.0000 0.0000 0.0000 0.0005 0.0000 0.0000 0.0434 0.0145 0.0486 0.0000 0.0715 0.0000 0.0562 0.0000 0.0035 0.0024 0.0000 0.0000 0.0000 0.0001 0.0764 0.1024 0.0918 0.0003 0.0019 0.0000 0.1095 0.0004 0.3451 0.0001 0.0004 0.0001 0.0002 0.0001 0.0002 0.0001 0.0004 0.0000 0.0085
0.0001 0.0001 0.0001 0.0000 0.0001 0.0000 0.0000 0.0240 0.0020 0.0000 0.0000 0.0000 0.0000 0.0000 0.0010 0.0000 0.0000 0.0369 0.0141 0.0409 0.0000 0.0573 0.0000 0.0507 0.0000 0.0059 0.0043 0.0000 0.0000 0.0000 0.0002 0.0814 0.1079 0.1033 0.0007 0.0036 0.0001 0.1236 0.0008 0.3251 0.0002 0.0010 0.0003 0.0004 0.0002 0.0004 0.0003 0.0008 0.0001 0.0121
0.0000 0.0000 0.0000 0.0000 0.0000 0.0000 0.0000 0.0229 0.0015 0.0000 0.0000 0.0000 0.0000 0.0000 0.0008 0.0000 0.0000 0.0442 0.0159 0.0491 0.0000 0.0705 0.0000 0.0572 0.0000 0.0044 0.0032 0.0000 0.0000 0.0000 0.0001 0.0785 0.1036 0.0944 0.0004 0.0026 0.0001 0.1120 0.0006 0.3252 0.0001 0.0007 0.0002 0.0003 0.0001 0.0002 0.0002 0.0006 0.0001 0.0102
0.0000 0.0001 0.0000 0.0000 0.0001 0.0000 0.0000 0.0242 0.0017 0.0000 0.0000 0.0000 0.0000 0.0000 0.0009 0.0000 0.0000 0.0466 0.0173 0.0515 0.0000 0.0733 0.0000 0.0593 0.0000 0.0049 0.0035 0.0000 0.0000 0.0000 0.0001 0.0790 0.1032 0.0940 0.0005 0.0029 0.0001 0.1106 0.0006 0.3116 0.0001 0.0008 0.0002 0.0004 0.0002 0.0003 0.0002 0.0007 0.0001 0.0110
0.0000 0.0000 0.0000 0.0000 0.0001 0.0000 0.0000 0.0234 0.0017 0.0000 0.0000 0.0000 0.0000 0.0000 0.0008 0.0000 0.0000 0.0425 0.0156 0.0471 0.0000 0.0669 0.0000 0.0556 0.0000 0.0049 0.0035 0.0000 0.0000 0.0000 0.0001 0.0795 0.1050 0.0971 0.0005 0.0029 0.0001 0.1151 0.0006 0.3232 0.0001 0.0007 0.0002 0.0003 0.0002 0.0003 0.0002 0.0006 0.0001 0.0108
0.0002 0.0003 0.0002 0.0001 0.0003 0.0001 0.0000 0.0327 0.0043 0.0001 0.0001 0.0001 0.0000 0.0002 0.0025 0.0000 0.0000 0.0538 0.0249 0.0581 0.0000 0.0764 0.0000 0.0653 0.0000 0.0095 0.0074 0.0000 0.0000 0.0002 0.0006 0.0822 0.1013 0.0943 0.0017 0.0063 0.0005 0.1072 0.0020 0.2392 0.0006 0.0023 0.0009 0.0012 0.0007 0.0011 0.0008 0.0020 0.0003 0.0178
0.0002 0.0003 0.0002 0.0001 0.0003 0.0001 0.0000 0.0332 0.0044 0.0001 0.0001 0.0001 0.0001 0.0002 0.0026 0.0000 0.0000 0.0555 0.0259 0.0599 0.0000 0.0785 0.0000 0.0666 0.0000 0.0095 0.0074 0.0000 0.0000 0.0002 0.0006 0.0819 0.1004 0.0931 0.0017 0.0064 0.0005 0.1053 0.0020 0.2342 0.0006 0.0023 0.0009 0.0013 0.0007 0.0011 0.0008 0.0020 0.0003 0.0180
0.0007 0.0009 0.0007 0.0005 0.0009 0.0005 0.0002 0.0384 0.0076 0.0003 0.0003 0.0003 0.0002 0.0006 0.0050 0.0002 0.0002 0.0579 0.0313 0.0617 0.0002 0.0766 0.0001 0.0674 0.0001 0.0142 0.0117 0.0001 0.0002 0.0005 0.0016 0.0807 0.0953 0.0898 0.0036 0.0103 0.0013 0.0993 0.0041 0.1888 0.0015 0.0045 0.0022 0.0028 0.0017 0.0025 0.0020 0.0041 0.0010 0.0236
0.0000 0.0000 0.0000 0.0000 0.0000 0.0000 0.0000 0.0230 0.0016 0.0000 0.0000 0.0000 0.0000 0.0000 0.0008 0.0000 0.0000 0.0471 0.0170 0.0522 0.0000 0.0747 0.0000 0.0595 0.0000 0.0044 0.0032 0.0000 0.0000 0.0000 0.0001 0.0784 0.1028 0.0928 0.0004 0.0026 0.0001 0.1090 0.0006 0.3171 0.0001 0.0007 0.0002 0.0003 0.0001 0.0002 0.0002 0.0006 0.0001 0.0102
0.0003 0.0003 0.0003 0.0002 0.0004 0.0002 0.0001 0.0334 0.0046 0.0001 0.0001 0.0001 0.0001 0.0002 0.0029 0.0000 0.0000 0.0605 0.0288 0.0655 0.0001 0.0849 0.0000 0.0703 0.0000 0.0095 0.0076 0.0000 0.0000 0.0002 0.0007 0.0811 0.0980 0.0895 0.0018 0.0064 0.0005 0.1000 0.0021 0.2205 0.0006 0.0024 0.0010 0.0014 0.0007 0.0012 0.0009 0.0021 0.0004 0.0180
0.0001 0.0001 0.0001 0.0000 0.0001 0.0000 0.0000 0.0255 0.0021 0.0000 0.0000 0.0000 0.0000 0.0000 0.0011 0.0000 0.0000 0.0483 0.0188 0.0533 0.0000 0.0741 0.0000 0.0607 0.0000 0.0056 0.0041 0.0000 0.0000 0.0000 0.0002 0.0804 0.1037 0.0949 0.0007 0.0034 0.0001 0.1104 0.0008 0.2954 0.0002 0.0010 0.0003 0.0005 0.0002 0.0004 0.0003 0.0008 0.0001 0.0120
0.0004 0.0005 0.0004 0.0003 0.0005 0.0003 0.0001 0.0351 0.0056 0.0001 0.0001 0.0002 0.0001 0.0003 0.0035 0.0001 0.0001 0.0577 0.0289 0.0622 0.0001 0.0792 0.0001 0.0679 0.0001 0.0114 0.0091 0.0000 0.0001 0.0003 0.0010 0.0820 0.0985 0.0916 0.0024 0.0079 0.0008 0.1022 0.0028 0.2115 0.0009 0.0031 0.0014 0.0018 0.0010 0.0016 0.0012 0.0028 0.0006 0.0201
0.0000 0.0001 0.0000 0.0000 0.0001 0.0000 0.0000 0.0248 0.0019 0.0000 0.0000 0.0000 0.0000 0.0000 0.0010 0.0000 0.0000 0.0495 0.0187 0.0547 0.0000 0.0770 0.0000 0.0617 0.0000 0.0051 0.0037 0.0000 0.0000 0.0000 0.0002 0.0793 0.1026 0.0927 0.0006 0.0030 0.0001 0.1081 0.0007 0.2998 0.0001 0.0008 0.0003 0.0004 0.0002 0.0003 0.0002 0.0007 0.0001 0.0113
0.0017 0.0020 0.0017 0.0013 0.0021 0.0013 0.0006 0.0413 0.0113 0.0008 0.0008 0.0009 0.0006 0.0015 0.0079 0.0005 0.0005 0.0552 0.0337 0.0584 0.0006 0.0694 0.0004 0.0637 0.0004 0.0193 0.0164 0.0004 0.0005 0.0014 0.0032 0.0773 0.0887 0.0854 0.0064 0.0149 0.0028 0.0930 0.0070 0.1547 0.0031 0.0076 0.0042 0.0052 0.0035 0.0047 0.0039 0.0071 0.0022 0.0285
0.0026 0.0029 0.0026 0.0020 0.0031 0.0020 0.0011 0.0412 0.0136 0.0013 0.0014 0.0014 0.0011 0.0024 0.0096 0.0009 0.0009 0.0495 0.0321 0.0523 0.0010 0.0606 0.0008 0.0581 0.0008 0.0227 0.0196 0.0007 0.0010 0.0021 0.0046 0.0750 0.0855 0.0842 0.0086 0.0182 0.0042 0.0914 0.0092 0.1411 0.0044 0.0098 0.0059 0.0069 0.0049 0.0064 0.0054 0.0093 0.0033 0.0308
0.0000 0.0001 0.0000 0.0000 0.0001 0.0000 0.0000 0.0245 0.0018 0.0000 0.0000 0.0000 0.0000 0.0000 0.0009 0.0000 0.0000 0.0521 0.0194 0.0576 0.0000 0.0816 0.0000 0.0638 0.0000 0.0047 0.0034 0.0000 0.0000 0.0000 0.0001 0.0782 0.1010 0.0901 0.0005 0.0028 0.0001 0.1047 0.0006 0.2978 0.0001 0.0008 0.0002 0.0004 0.0002 0.0003 0.0002 0.0006 0.0001 0.0108
0.0000 0.0001 0.0001 0.0000 0.0001 0.0000 0.0000 0.0257 0.0020 0.0000 0.0000 0.0000 0.0000 0.0000 0.0011 0.0000 0.0000 0.0528 0.0201 0.0579 0.0000 0.0816 0.0000 0.0644 0.0000 0.0051 0.0037 0.0000 0.0000 0.0000 0.0002 0.0786 0.1010 0.0905 0.0006 0.0030 0.0001 0.1050 0.0007 0.2907 0.0001 0.0009 0.0003 0.0004 0.0002 0.0003 0.0002 0.0007 0.0001 0.0116
0.0000 0.0001 0.0001 0.0000 0.0001 0.0000 0.0000 0.0266 0.0020 0.0000 0.0000 0.0000 0.0000 0.0000 0.0011 0.0000 0.0000 0.0602 0.0231 0.0659 0.0000 0.0929 0.0000 0.0703 0.0000 0.0049 0.0036 0.0000 0.0000 0.0000 0.0002 0.0769 0.0973 0.0850 0.0006 0.0029 0.0001 0.0975 0.0007 0.2730 0.0002 0.0009 0.0003 0.0004 0.0002 0.0003 0.0002 0.0007 0.0001 0.0116
0.0000 0.0000 0.0000 0.0000 0.0001 0.0000 0.0000 0.0235 0.0017 0.0000 0.0000 0.0000 0.0000 0.0000 0.0009 0.0000 0.0000 0.0465 0.0172 0.0515 0.0000 0.0730 0.0000 0.0590 0.0000 0.0048 0.0035 0.0000 0.0000 0.0000 0.0001 0.0793 0.1036 0.0943 0.0005 0.0028 0.0001 0.1107 0.0006 0.3127 0.0001 0.0007 0.0002 0.0003 0.0002 0.0003 0.0002 0.0006 0.0001 0.0106
0.0110 0.0116 0.0109 0.0097 0.0116 0.0097 0.0077 0.0340 0.0220 0.0082 0.0083 0.0083 0.0076 0.0108 0.0177 0.0072 0.0071 0.0314 0.0260 0.0322 0.0072 0.0342 0.0067 0.0358 0.0068 0.0294 0.0273 0.0066 0.0076 0.0102 0.0139 0.0460 0.0495 0.0510 0.0194 0.0272 0.0142 0.0537 0.0195 0.0630 0.0141 0.0200 0.0161 0.0169 0.0150 0.0164 0.0152 0.0198 0.0125 0.0318
0.0100 0.0107 0.0100 0.0087 0.0107 0.0088 0.0068 0.0352 0.0217 0.0072 0.0074 0.0074 0.0067 0.0098 0.0173 0.0062 0.0062 0.0332 0.0271 0.0342 0.0064 0.0366 0.0058 0.0380 0.0059 0.0295 0.0272 0.0057 0.0066 0.0093 0.0131 0.0489 0.0529 0.0543 0.0186 0.0270 0.0132 0.0573 0.0188 0.0686 0.0132 0.0194 0.0152 0.0161 0.0141 0.0156 0.0144 0.0191 0.0116 0.0324
0.0076 0.0082 0.0075 0.0064 0.0083 0.0064 0.0046 0.0383 0.0203 0.0050 0.0051 0.0052 0.0045 0.0073 0.0155 0.0041 0.0041 0.0373 0.0287 0.0386 0.0043 0.0422 0.0038 0.0433 0.0038 0.0294 0.0266 0.0036 0.0044 0.0068 0.0106 0.0569 0.0625 0.0639 0.0163 0.0260 0.0106 0.0681 0.0167 0.0865 0.0107 0.0173 0.0127 0.0138 0.0115 0.0132 0.0119 0.0170 0.0090 0.0337
0.0001 0.0001 0.0001 0.0001 0.0002 0.0001 0.0000 0.0280 0.0030 0.0000 0.0000 0.0000 0.0000 0.0001 0.0016 0.0000 0.0000 0.0440 0.0186 0.0481 0.0000 0.0650 0.0000 0.0570 0.0000 0.0078 0.0058 0.0000 0.0000 0.0001 0.0003 0.0831 0.1064 0.1011 0.0011 0.0050 0.0003 0.1178 0.0013 0.2828 0.0003 0.0015 0.0005 0.0008 0.0004 0.0007 0.0005 0.0013 0.0002 0.0148
0.0001 0.0001 0.0001 0.0000 0.0001 0.0000 0.0000 0.0256 0.0023 0.0000 0.0000 0.0000 0.0000 0.0001 0.0012 0.0000 0.0000 0.0436 0.0172 0.0482 0.0000 0.0666 0.0000 0.0568 0.0000 0.0062 0.0045 0.0000 0.0000 0.0000 0.0002 0.0817 0.1060 0.0991 0.0008 0.0038 0.0002 0.1164 0.0009 0.3014 0.0002 0.0011 0.0004 0.0005 0.0002 0.0004 0.0003 0.0009 0.0001 0.0127
0.0001 0.0001 0.0001 0.0001 0.0002 0.0001 0.0000 0.0283 0.0031 0.0000 0.0000 0.0000 0.0000 0.0001 0.0016 0.0000 0.0000 0.0451 0.0192 0.0494 0.0000 0.0666 0.0000 0.0580 0.0000 0.0078 0.0058 0.0000 0.0000 0.0001 0.0004 0.0830 0.1059 0.1003 0.0011 0.0050 0.0003 0.1165 0.0013 0.2789 0.0003 0.0015 0.0006 0.0008 0.0004 0.0007 0.0005 0.0014 0.0002 0.0149
0.0065 0.0071 0.0065 0.0054 0.0071 0.0054 0.0037 0.0386 0.0194 0.0041 0.0042 0.0042 0.0037 0.0064 0.0140 0.0033 0.0033 0.0351 0.0262 0.0364 0.0034 0.0402 0.0030 0.0425 0.0031 0.0301 0.0268 0.0029 0.0036 0.0058 0.0095 0.0612 0.0685 0.0712 0.0157 0.0266 0.0097 0.0771 0.0159 0.0994 0.0096 0.0166 0.0118 0.0127 0.0106 0.0122 0.0109 0.0163 0.0080 0.0343
0.0000 0.0001 0.0000 0.0000 0.0001 0.0000 0.0000 0.0231 0.0017 0.0000 0.0000 0.0000 0.0000 0.0000 0.0009 0.0000 0.0000 0.0426 0.0158 0.0475 0.0000 0.0670 0.0000 0.0557 0.0000 0.0050 0.0036 0.0000 0.0000 0.0000 0.0001 0.0802 0.1054 0.0974 0.0005 0.0030 0.0001 0.1152 0.0007 0.3206 0.0001 0.0008 0.0002 0.0004 0.0002 0.0003 0.0002 0.0007 0.0001 0.0108
0.0068 0.0074 0.0068 0.0056 0.0074 0.0057 0.0039 0.0387 0.0197 0.0043 0.0045 0.0045 0.0039 0.0066 0.0145 0.0035 0.0035 0.0361 0.0272 0.0375 0.0036 0.0412 0.0032 0.0431 0.0033 0.0298 0.0267 0.0031 0.0038 0.0061 0.0098 0.0600 0.0667 0.0689 0.0158 0.0263 0.0099 0.0742 0.0161 0.0954 0.0099 0.0168 0.0120 0.0130 0.0108 0.0124 0.0112 0.0164 0.0083 0.0342
0.0000 0.0000 0.0000 0.0000 0.0001 0.0000 0.0000 0.0236 0.0017 0.0000 0.0000 0.0000 0.0000 0.0000 0.0009 0.0000 0.0000 0.0467 0.0172 0.0518 0.0000 0.0735 0.0000 0.0593 0.0000 0.0048 0.0034 0.0000 0.0000 0.0000 0.0001 0.0792 0.1034 0.0939 0.0005 0.0028 0.0001 0.1103 0.0006 0.3123 0.0001 0.0007 0.0002 0.0003 0.0002 0.0003 0.0002 0.0006 0.0001 0.0107
0.0000 0.0000 0.0000 0.0000 0.0001 0.0000 0.0000 0.0229 0.0017 0.0000 0.0000 0.0000 0.0000 0.0000 0.0008 0.0000 0.0000 0.0415 0.0153 0.0462 0.0000 0.0655 0.0000 0.0548 0.0000 0.0049 0.0035 0.0000 0.0000 0.0000 0.0001 0.0800 0.1056 0.0980 0.0005 0.0029 0.0001 0.1162 0.0006 0.3247 0.0001 0.0008 0.0002 0.0003 0.0002 0.0003 0.0002 0.0006 0.0001 0.0107
0.0000 0.0001 0.0000 0.0000 0.0001 0.0000 0.0000 0.0240 0.0019 0.0000 0.0000 0.0000 0.0000 0.0000 0.0009 0.0000 0.0000 0.0432 0.0163 0.0479 0.0000 0.0674 0.0000 0.0564 0.0000 0.0053 0.0038 0.0000 0.0000 0.0000 0.0002 0.0804 0.1053 0.0976 0.0006 0.0032 0.0001 0.1152 0.0007 0.3145 0.0001 0.0008 0.0003 0.0004 0.0002 0.0003 0.0002 0.0007 0.0001 0.0114
0.0000 0.0001 0.0000 0.0000 0.0001 0.0000 0.0000 0.0245 0.0019 0.0000 0.0000 0.0000 0.0000 0.0000 0.0010 0.0000 0.0000 0.0465 0.0176 0.0514 0.0000 0.0724 0.0000 0.0592 0.0000 0.0052 0.0037 0.0000 0.0000 0.0000 0.0002 0.0798 0.1038 0.0949 0.0006 0.0031 0.0001 0.1114 0.0007 0.3070 0.0001 0.0008 0.0003 0.0004 0.0002 0.0003 0.0002 0.0007 0.0001 0.0114
0.0001 0.0001 0.0001 0.0000 0.0001 0.0000 0.0000 0.0260 0.0024 0.0000 0.0000 0.0000 0.0000 0.0001 0.0012 0.0000 0.0000 0.0439 0.0175 0.0483 0.0000 0.0666 0.0000 0.0569 0.0000 0.0064 0.0047 0.0000 0.0000 0.0000 0.0002 0.0818 0.1059 0.0992 0.0008 0.0040 0.0002 0.1164 0.0010 0.2986 0.0002 0.0011 0.0004 0.0005 0.0003 0.0005 0.0003 0.0010 0.0001 0.0130
0.0001 0.0001 0.0001 0.0000 0.0001 0.0000 0.0000 0.0259 0.0024 0.0000 0.0000 0.0000 0.0000 0.0001 0.0012 0.0000 0.0000 0.0457 0.0183 0.0504 0.0000 0.0693 0.0000 0.0585 0.0000 0.0063 0.0046 0.0000 0.0000 0.0000 0.0002 0.0818 0.1053 0.0979 0.0008 0.0039 0.0002 0.1143 0.0010 0.2942 0.0002 0.0011 0.0004 0.0005 0.0003 0.0005 0.0003 0.0010 0.0001 0.0129
0.0000 0.0000 0.0000 0.0000 0.0001 0.0000 0.0000 0.0235 0.0016 0.0000 0.0000 0.0000 0.0000 0.0000 0.0009 0.0000 0.0000 0.0507 0.0186 0.0563 0.0000 0.0802 0.0000 0.0627 0.0000 0.0044 0.0032 0.0000 0.0000 0.0000 0.0001 0.0783 0.1015 0.0904 0.0005 0.0026 0.0001 0.1055 0.0006 0.3053 0.0001 0.0007 0.0002 0.0003 0.0001 0.0003 0.0002 0.0006 0.0001 0.0103
0.0001 0.0001 0.0001 0.0000 0.0001 0.0000 0.0000 0.0260 0.0023 0.0000 0.0000 0.0000 0.0000 0.0001 0.0012 0.0000 0.0000 0.0473 0.0189 0.0523 0.0000 0.0719 0.0000 0.0599 0.0000 0.0062 0.0046 0.0000 0.0000 0.0000 0.0002 0.0816 0.1046 0.0965 0.0008 0.0038 0.0002 0.1123 0.0009 0.2908 0.0002 0.0011 0.0004 0.0005 0.0003 0.0005 0.0003 0.0010 0.0001 0.0127
0.0000 0.0001 0.0000 0.0000 0.0001 0.0000 0.0000 0.0241 0.0018 0.0000 0.0000 0.0000 0.0000 0.0000 0.0009 0.0000 0.0000 0.0500 0.0187 0.0555 0.0000 0.0783 0.0000 0.0621 0.0000 0.0048 0.0035 0.0000 0.0000 0.0000 0.0001 0.0790 0.1022 0.0919 0.0005 0.0028 0.0001 0.1070 0.0007 0.3018 0.0001 0.0008 0.0002 0.0004 0.0002 0.0003 0.0002 0.0007 0.0001 0.0108
0.0002 0.0002 0.0002 0.0001 0.0002 0.0001 0.0000 0.0298 0.0036 0.0000 0.0000 0.0001 0.0000 0.0001 0.0020 0.0000 0.0000 0.0475 0.0211 0.0521 0.0000 0.0690 0.0000 0.0602 0.0000 0.0086 0.0066 0.0000 0.0000 0.0001 0.0005 0.0837 0.1050 0.0990 0.0014 0.0057 0.0004 0.1141 0.0016 0.2625 0.0004 0.0019 0.0007 0.0010 0.0005 0.0009 0.0006 0.0017 0.0002 0.0163
