0.0592 -0.2049 0.5768 -0.4672 -0.3510 -0.3271 -1.5069 0.6070 -0.8110 -1.0777 -0.2077 -0.2124 -0.6717 -0.5727 0.3508 -0.3765 -1.1706 0.4416 -0.6164 0.3576 -0.7056 -0.3418 -0.1342 -0.6391 -0.3518 0.3716 1.7977 0.4584 0.4135 -0.0153 -0.6524 -0.8215 -0.6714 -0.2073 0.0999 0.1364 0.3386 0.0641 0.1044 -0.6232 0.6973 -0.4967
0.0722 -0.2024 0.5626 -0.4527 -0.3451 -0.3088 -1.4750 0.6065 -0.7950 -1.0421 -0.1984 -0.2048 -0.6389 -0.5606 0.3323 -0.3788 -1.1458 0.4341 -0.5877 0.3800 -0.6913 -0.3332 -0.1123 -0.6316 -0.3454 0.3778 1.7373 0.4343 0.3903 0.0040 -0.6441 -0.7685 -0.6453 -0.1755 0.0924 0.1232 0.3339 0.0574 0.0980 -0.5907 0.6783 -0.4925
0.0576 -0.2045 0.5788 -0.4696 -0.3519 -0.3302 -1.5120 0.6072 -0.8135 -1.0834 -0.2096 -0.2140 -0.6774 -0.5753 0.3545 -0.3760 -1.1747 0.4429 -0.6213 0.3535 -0.7084 -0.3437 -0.1378 -0.6406 -0.3535 0.3707 1.8079 0.4626 0.4174 -0.0190 -0.6538 -0.8305 -0.6757 -0.2131 0.1008 0.1393 0.3393 0.0655 0.1056 -0.6287 0.7003 -0.4972
0.0589 -0.2073 0.5758 -0.4663 -0.3506 -0.3250 -1.5043 0.6058 -0.8097 -1.0746 -0.2056 -0.2110 -0.6671 -0.5696 0.3471 -0.3767 -1.1676 0.4409 -0.6121 0.3607 -0.7031 -0.3396 -0.1317 -0.6380 -0.3493 0.3722 1.7908 0.4553 0.4110 -0.0112 -0.6514 -0.8150 -0.6691 -0.2025 0.0997 0.1335 0.3383 0.0630 0.1028 -0.6187 0.6949 -0.4967
0.1076 -0.1955 0.5285 -0.4214 -0.3312 -0.2653 -1.4053 0.6061 -0.7571 -0.9596 -0.1782 -0.1894 -0.5645 -0.5348 0.2941 -0.3849 -1.0885 0.4147 -0.5215 0.4282 -0.6634 -0.3132 -0.0611 -0.6137 -0.3338 0.3918 1.6018 0.3818 0.3398 0.0477 -0.6250 -0.6494 -0.5878 -0.1048 0.0725 0.0983 0.3236 0.0427 0.0791 -0.5150 0.6327 -0.4812
0.0576 -0.2142 0.5740 -0.4644 -0.3497 -0.3201 -1.4995 0.6027 -0.8069 -1.0682 -0.2003 -0.2075 -0.6566 -0.5619 0.3380 -0.3773 -1.1611 0.4390 -0.6022 0.3679 -0.6972 -0.3337 -0.1263 -0.6349 -0.3427 0.3733 1.7757 0.4484 0.4059 -0.0014 -0.6489 -0.8004 -0.6644 -0.1913 0.0998 0.1263 0.3376 0.0600 0.0985 -0.6084 0.6897 -0.4967
0.0822 -0.1974 0.5533 -0.4438 -0.3414 -0.2983 -1.4552 0.6073 -0.7850 -1.0206 -0.1944 -0.2014 -0.6211 -0.5560 0.3240 -0.3798 -1.1314 0.4297 -0.5721 0.3914 -0.6844 -0.3299 -0.0995 -0.6282 -0.3442 0.3814 1.7025 0.4212 0.3772 0.0132 -0.6396 -0.7389 -0.6300 -0.1586 0.0872 0.1182 0.3311 0.0541 0.0950 -0.5725 0.6674 -0.4894
0.2065 -0.1713 0.4529 -0.3553 -0.3011 -0.1659 -1.2687 0.6190 -0.6718 -0.7759 -0.1419 -0.1616 -0.4115 -0.4889 0.2297 -0.4089 -0.9687 0.3645 -0.3877 0.5301 -0.6254 -0.2748 0.0505 -0.5690 -0.3253 0.4217 1.3262 0.2779 0.2331 0.1310 -0.5864 -0.4037 -0.4637 0.0333 0.0188 0.0605 0.3029 0.0128 0.0311 -0.3603 0.5330 -0.4511
0.2774 -0.1697 0.3952 -0.3126 -0.2796 -0.0867 -1.1751 0.6229 -0.6095 -0.6448 -0.1085 -0.1400 -0.2904 -0.4450 0.1753 -0.4253 -0.8745 0.3250 -0.2761 0.6037 -0.5979 -0.2383 0.1390 -0.5352 -0.3106 0.4428 1.1192 0.2011 0.1586 0.2117 -0.5579 -0.2192 -0.3791 0.1463 -0.0173 0.0322 0.2904 -0.0129 -0.0189 -0.2336 0.4527 -0.4287
0.0759 -0.2082 0.5551 -0.4464 -0.3421 -0.2975 -1.4588 0.6025 -0.7865 -1.0237 -0.1899 -0.1991 -0.6169 -0.5491 0.3172 -0.3792 -1.1301 0.4296 -0.5670 0.3933 -0.6805 -0.3243 -0.0988 -0.6268 -0.3367 0.3809 1.7007 0.4194 0.3781 0.0214 -0.6387 -0.7360 -0.6326 -0.1528 0.0901 0.1127 0.3318 0.0522 0.0906 -0.5680 0.6659 -0.4908
0.0668 -0.2120 0.5636 -0.4545 -0.3455 -0.3075 -1.4767 0.6020 -0.7957 -1.0437 -0.1940 -0.2025 -0.6339 -0.5539 0.3253 -0.3782 -1.1435 0.4338 -0.5819 0.3824 -0.6871 -0.3278 -0.1108 -0.6304 -0.3384 0.3775 1.7332 0.4318 0.3903 0.0124 -0.6431 -0.7639 -0.6468 -0.1689 0.0949 0.1178 0.3344 0.0554 0.0938 -0.5853 0.6763 -0.4937
0.0634 -0.2110 0.5679 -0.4586 -0.3473 -0.3135 -1.4861 0.6029 -0.8006 -1.0546 -0.1976 -0.2052 -0.6450 -0.5588 0.3322 -0.3774 -1.1516 0.4364 -0.5918 0.3750 -0.6921 -0.3316 -0.1179 -0.6331 -0.3415 0.3757 1.7526 0.4397 0.3974 0.0050 -0.6459 -0.7812 -0.6546 -0.1799 0.0969 0.1228 0.3358 0.0579 0.0969 -0.5964 0.6826 -0.4949
0.0717 -0.2057 0.5610 -0.4517 -0.3445 -0.3061 -1.4714 0.6045 -0.7932 -1.0385 -0.1955 -0.2031 -0.6329 -0.5566 0.3273 -0.3785 -1.1417 0.4332 -0.5817 0.3832 -0.6878 -0.3301 -0.1089 -0.6306 -0.3418 0.3784 1.7280 0.4304 0.3877 0.0099 -0.6427 -0.7603 -0.6429 -0.1688 0.0926 0.1198 0.3336 0.0558 0.0955 -0.5842 0.6751 -0.4924
0.1342 -0.1873 0.5064 -0.4018 -0.3224 -0.2379 -1.3631 0.6088 -0.7327 -0.9073 -0.1678 -0.1812 -0.5207 -0.5220 0.2747 -0.3898 -1.0538 0.4013 -0.4828 0.4564 -0.6501 -0.3029 -0.0293 -0.6025 -0.3306 0.4002 1.5205 0.3512 0.3092 0.0716 -0.6138 -0.5785 -0.5521 -0.0643 0.0586 0.0869 0.3173 0.0341 0.0670 -0.4702 0.6045 -0.4729
0.1431 -0.2208 0.4881 -0.3924 -0.3147 -0.2044 -1.3356 0.5930 -0.7106 -0.8612 -0.1401 -0.1645 -0.4570 -0.4820 0.2300 -0.3939 -1.0107 0.3847 -0.4209 0.4932 -0.6237 -0.2678 0.0081 -0.5817 -0.3010 0.4076 1.4283 0.3130 0.2812 0.1276 -0.5973 -0.4913 -0.5243 -0.0000 0.0510 0.0561 0.3129 0.0181 0.0324 -0.4036 0.5657 -0.4682
0.0797 -0.1869 0.5613 -0.4508 -0.3447 -0.3121 -1.4729 0.6130 -0.7947 -1.0418 -0.2059 -0.2091 -0.6486 -0.5721 0.3442 -0.3786 -1.1503 0.4352 -0.5979 0.3738 -0.6982 -0.3423 -0.1156 -0.6349 -0.3567 0.3779 1.7462 0.4395 0.3920 -0.0097 -0.6462 -0.7787 -0.6449 -0.1872 0.0893 0.1329 0.3333 0.0611 0.1051 -0.6003 0.6824 -0.4909
0.0927 -0.1911 0.5452 -0.4354 -0.3380 -0.2890 -1.4382 0.6096 -0.7760 -1.0008 -0.1919 -0.1988 -0.6065 -0.5533 0.3184 -0.3816 -1.1195 0.4253 -0.5599 0.4016 -0.6798 -0.3280 -0.0886 -0.6247 -0.3448 0.3847 1.6732 0.4102 0.3654 0.0191 -0.6358 -0.7137 -0.6159 -0.1455 0.0817 0.1147 0.3285 0.0516 0.0930 -0.5580 0.6582 -0.4863
0.2821 -0.2223 0.3783 -0.3116 -0.2729 -0.0512 -1.1626 0.6006 -0.5903 -0.6066 -0.0755 -0.1219 -0.2227 -0.3955 0.1250 -0.4291 -0.8307 0.3063 -0.2071 0.6383 -0.5722 -0.1928 0.1772 -0.5089 -0.2731 0.4490 1.0335 0.1649 0.1373 0.2798 -0.5404 -0.1346 -0.3597 0.2155 -0.0236 -0.0009 0.2876 -0.0307 -0.0671 -0.1608 0.4095 -0.4247
0.2553 -0.2225 0.3980 -0.3260 -0.2801 -0.0796 -1.1921 0.5973 -0.6118 -0.6521 -0.0865 -0.1291 -0.2639 -0.4104 0.1423 -0.4214 -0.8625 0.3210 -0.2445 0.6122 -0.5789 -0.2055 0.1467 -0.5223 -0.2767 0.4416 1.1022 0.1905 0.1631 0.2527 -0.5498 -0.1970 -0.3893 0.1779 -0.0097 0.0079 0.2917 -0.0219 -0.0488 -0.2032 0.4372 -0.4329
0.3197 -0.2142 0.3538 -0.2914 -0.2642 -0.0162 -1.1249 0.6100 -0.5636 -0.5491 -0.0654 -0.1148 -0.1760 -0.3823 0.1093 -0.4406 -0.7935 0.2886 -0.1663 0.6704 -0.5687 -0.1826 0.2140 -0.4938 -0.2746 0.4582 0.9524 0.1355 0.1044 0.3074 -0.5305 -0.0611 -0.3213 0.2568 -0.0424 -0.0076 0.2828 -0.0404 -0.0855 -0.1138 0.3779 -0.4138
0.0964 -0.1996 0.5379 -0.4299 -0.3350 -0.2768 -1.4238 0.6051 -0.7674 -0.9820 -0.1824 -0.1927 -0.5831 -0.5400 0.3022 -0.3829 -1.1033 0.4199 -0.5379 0.4160 -0.6693 -0.3173 -0.0745 -0.6183 -0.3350 0.3879 1.6365 0.3949 0.3531 0.0381 -0.6299 -0.6799 -0.6033 -0.1218 0.0788 0.1032 0.3264 0.0460 0.0835 -0.5340 0.6446 -0.4846
0.2895 -0.2198 0.3738 -0.3076 -0.2713 -0.0449 -1.1555 0.6028 -0.5854 -0.5958 -0.0741 -0.1208 -0.2146 -0.3938 0.1228 -0.4314 -0.8242 0.3032 -0.2004 0.6442 -0.5720 -0.1915 0.1838 -0.5063 -0.2741 0.4507 1.0191 0.1598 0.1312 0.2839 -0.5387 -0.1215 -0.3525 0.2224 -0.0274 -0.0017 0.2867 -0.0322 -0.0699 -0.1529 0.4040 -0.4227
0.1024 -0.1930 0.5349 -0.4263 -0.3338 -0.2744 -1.4175 0.6081 -0.7641 -0.9749 -0.1837 -0.1930 -0.5809 -0.5424 0.3038 -0.3839 -1.1006 0.4186 -0.5369 0.4182 -0.6699 -0.3193 -0.0718 -0.6178 -0.3386 0.3890 1.6291 0.3926 0.3493 0.0359 -0.6293 -0.6741 -0.5980 -0.1208 0.0760 0.1047 0.3254 0.0460 0.0849 -0.5321 0.6428 -0.4830
0.3112 -0.2335 0.3533 -0.2963 -0.2639 -0.0135 -1.1285 0.5990 -0.5638 -0.5513 -0.0567 -0.1105 -0.1646 -0.3691 0.0958 -0.4371 -0.7873 0.2871 -0.1522 0.6721 -0.5596 -0.1701 0.2180 -0.4900 -0.2610 0.4578 0.9422 0.1305 0.1061 0.3245 -0.5271 -0.0511 -0.3252 0.2707 -0.0387 -0.0166 0.2829 -0.0440 -0.0973 -0.0997 0.3706 -0.4152
0.0831 -0.1969 0.5529 -0.4431 -0.3412 -0.2976 -1.4543 0.6077 -0.7844 -1.0190 -0.1943 -0.2012 -0.6202 -0.5559 0.3238 -0.3802 -1.1307 0.4292 -0.5715 0.3923 -0.6843 -0.3298 -0.0988 -0.6276 -0.3443 0.3817 1.7008 0.4204 0.3762 0.0133 -0.6393 -0.7371 -0.6289 -0.1580 0.0866 0.1179 0.3309 0.0540 0.0950 -0.5717 0.6668 -0.4892
0.3224 -0.1308 0.3780 -0.2880 -0.2731 -0.0641 -1.1409 0.6499 -0.5874 -0.5939 -0.1157 -0.1406 -0.2730 -0.4572 0.1857 -0.4424 -0.8569 0.3121 -0.2700 0.6279 -0.6102 -0.2501 0.1598 -0.5265 -0.3357 0.4509 1.0737 0.1859 0.1286 0.2007 -0.5551 -0.1780 -0.3402 0.1533 -0.0402 0.0401 0.2858 -0.0144 -0.0133 -0.2226 0.4404 -0.4173
0.2722 -0.1486 0.4100 -0.3166 -0.2848 -0.1080 -1.1949 0.6356 -0.6232 -0.6711 -0.1265 -0.1491 -0.3316 -0.4703 0.2035 -0.4276 -0.9045 0.3345 -0.3198 0.5865 -0.6151 -0.2597 0.1128 -0.5442 -0.3305 0.4384 1.1803 0.2246 0.1733 0.1707 -0.5678 -0.2732 -0.3927 0.1025 -0.0149 0.0477 0.2928 -0.0028 0.0056 -0.2808 0.4797 -0.4318
0.0743 -0.1943 0.5633 -0.4534 -0.3456 -0.3128 -1.4769 0.6096 -0.7968 -1.0464 -0.2034 -0.2081 -0.6479 -0.5683 0.3406 -0.3778 -1.1508 0.4359 -0.5961 0.3735 -0.6962 -0.3393 -0.1165 -0.6349 -0.3520 0.3771 1.7485 0.4398 0.3942 -0.0051 -0.6463 -0.7802 -0.6485 -0.1850 0.0921 0.1301 0.3342 0.0601 0.1026 -0.5992 0.6827 -0.4922
0.0880 -0.1921 0.5493 -0.4396 -0.3398 -0.2945 -1.4468 0.6093 -0.7809 -1.0114 -0.1943 -0.2009 -0.6158 -0.5564 0.3231 -0.3805 -1.1265 0.4279 -0.5679 0.3951 -0.6832 -0.3305 -0.0949 -0.6272 -0.3460 0.3830 1.6901 0.4168 0.3719 0.0139 -0.6381 -0.7287 -0.6234 -0.1542 0.0842 0.1180 0.3298 0.0535 0.0953 -0.5671 0.6637 -0.4878
0.0809 -0.1832 0.5622 -0.4514 -0.3450 -0.3142 -1.4753 0.6149 -0.7958 -1.0441 -0.2086 -0.2108 -0.6535 -0.5759 0.3488 -0.3789 -1.1535 0.4359 -0.6030 0.3711 -0.7014 -0.3452 -0.1182 -0.6357 -0.3603 0.3776 1.7534 0.4426 0.3939 -0.0153 -0.6473 -0.7850 -0.6464 -0.1929 0.0884 0.1362 0.3334 0.0627 0.1074 -0.6055 0.6849 -0.4907
0.1088 -0.1964 0.5284 -0.4204 -0.3310 -0.2639 -1.4052 0.6069 -0.7560 -0.9572 -0.1775 -0.1884 -0.5628 -0.5337 0.2929 -0.3864 -1.0877 0.4133 -0.5207 0.4307 -0.6631 -0.3120 -0.0603 -0.6119 -0.3335 0.3918 1.5993 0.3805 0.3382 0.0483 -0.6246 -0.6467 -0.5858 -0.1034 0.0720 0.0968 0.3235 0.0418 0.0781 -0.5142 0.6320 -0.4808
0.4763 -0.1821 0.2619 -0.2096 -0.2349 0.1295 -0.9891 0.6655 -0.4624 -0.3262 -0.0288 -0.0883 0.0011 -0.3321 0.0559 -0.4997 -0.6535 0.2161 -0.0168 0.8041 -0.5737 -0.1494 0.3582 -0.4315 -0.2886 0.4927 0.6513 0.0267 -0.0287 0.4165 -0.5001 0.2161 -0.1662 0.4123 -0.1166 -0.0286 0.2697 -0.0811 -0.1570 0.0572 0.2610 -0.3688
0.4545 -0.1594 0.2814 -0.2193 -0.2408 0.0934 -1.0088 0.6675 -0.4823 -0.3685 -0.0490 -0.0996 -0.0517 -0.3624 0.0855 -0.4903 -0.6910 0.2336 -0.0676 0.7725 -0.5823 -0.1740 0.3221 -0.4511 -0.3046 0.4862 0.7255 0.0554 -0.0033 0.3676 -0.5103 0.1453 -0.1929 0.3602 -0.1059 -0.0123 0.2715 -0.0672 -0.1240 0.0023 0.2954 -0.3763
0.4433 -0.1345 0.2952 -0.2236 -0.2451 0.0672 -1.0208 0.6744 -0.4961 -0.3971 -0.0672 -0.1093 -0.0940 -0.3896 0.1123 -0.4855 -0.7200 0.2465 -0.1099 0.7495 -0.5926 -0.1972 0.2950 -0.4665 -0.3223 0.4818 0.7821 0.0778 0.0134 0.3256 -0.5192 0.0909 -0.2095 0.3173 -0.1000 0.0032 0.2728 -0.0560 -0.0954 -0.0428 0.3229 -0.3808
0.1724 -0.1673 0.4815 -0.3772 -0.3123 -0.2073 -1.3162 0.6192 -0.7042 -0.8454 -0.1614 -0.1746 -0.4774 -0.5154 0.2619 -0.3993 -1.0182 0.3855 -0.4475 0.4880 -0.6426 -0.2974 0.0046 -0.5896 -0.3365 0.4103 1.4361 0.3202 0.2736 0.0877 -0.6029 -0.5040 -0.5091 -0.0278 0.0384 0.0801 0.3101 0.0266 0.0578 -0.4278 0.5757 -0.4619
0.1544 -0.1733 0.4958 -0.3896 -0.3179 -0.2251 -1.3426 0.6168 -0.7199 -0.8787 -0.1676 -0.1794 -0.5049 -0.5229 0.2732 -0.3958 -1.0403 0.3942 -0.4719 0.4705 -0.6498 -0.3034 -0.0159 -0.5964 -0.3376 0.4049 1.4870 0.3390 0.2928 0.0726 -0.6096 -0.5484 -0.5315 -0.0530 0.0475 0.0862 0.3139 0.0320 0.0659 -0.4560 0.5937 -0.4675
0.1336 -0.1640 0.5176 -0.4066 -0.3267 -0.2576 -1.3819 0.6215 -0.7449 -0.9325 -0.1866 -0.1919 -0.5610 -0.5488 0.3053 -0.3901 -1.0813 0.4098 -0.5236 0.4351 -0.6694 -0.3248 -0.0528 -0.6124 -0.3527 0.3960 1.5795 0.3755 0.3255 0.0326 -0.6238 -0.6326 -0.5671 -0.1071 0.0600 0.1073 0.3196 0.0445 0.0880 -0.5137 0.6283 -0.4746
0.4346 -0.1046 0.3091 -0.2266 -0.2495 0.0402 -1.0319 0.6844 -0.5099 -0.4252 -0.0877 -0.1199 -0.1392 -0.4203 0.1426 -0.4816 -0.7505 0.2595 -0.1558 0.7258 -0.6053 -0.2237 0.2669 -0.4826 -0.3436 0.4775 0.8413 0.1013 0.0295 0.2791 -0.5290 0.0337 -0.2249 0.2708 -0.0951 0.0211 0.2740 -0.0438 -0.0639 -0.0916 0.3522 -0.3848
0.1089 -0.1736 0.5379 -0.4261 -0.3349 -0.2829 -1.4228 0.6181 -0.7677 -0.9820 -0.1957 -0.1996 -0.6014 -0.5598 0.3230 -0.3851 -1.1132 0.4216 -0.5585 0.4079 -0.6821 -0.3333 -0.0820 -0.6224 -0.3549 0.3878 1.6555 0.4044 0.3551 0.0119 -0.6340 -0.6990 -0.6017 -0.1442 0.0732 0.1184 0.3256 0.0522 0.0971 -0.5542 0.6537 -0.4822
0.4560 -0.1147 0.2929 -0.2160 -0.2444 0.0688 -1.0120 0.6864 -0.4924 -0.3875 -0.0744 -0.1121 -0.0990 -0.4008 0.1231 -0.4905 -0.7212 0.2455 -0.1187 0.7520 -0.6005 -0.2081 0.2957 -0.4683 -0.3357 0.4834 0.7813 0.0785 0.0071 0.3121 -0.5213 0.0905 -0.2004 0.3090 -0.1058 0.0105 0.2721 -0.0539 -0.0859 -0.0509 0.3262 -0.3780
0.0867 -0.1804 0.5584 -0.4464 -0.3433 -0.3090 -1.4666 0.6166 -0.7908 -1.0329 -0.2070 -0.2089 -0.6454 -0.5741 0.3452 -0.3808 -1.1473 0.4331 -0.5968 0.3779 -0.6987 -0.3436 -0.1126 -0.6329 -0.3605 0.3792 1.7376 0.4364 0.3869 -0.0124 -0.6452 -0.7710 -0.6380 -0.1858 0.0855 0.1333 0.3321 0.0609 0.1063 -0.5982 0.6802 -0.4890
0.1100 -0.1738 0.5373 -0.4253 -0.3346 -0.2816 -1.4218 0.6184 -0.7667 -0.9796 -0.1952 -0.1991 -0.5994 -0.5590 0.3220 -0.3860 -1.1120 0.4208 -0.5571 0.4098 -0.6818 -0.3325 -0.0808 -0.6213 -0.3546 0.3882 1.6526 0.4031 0.3535 0.0127 -0.6335 -0.6958 -0.5999 -0.1426 0.0723 0.1174 0.3253 0.0518 0.0965 -0.5526 0.6525 -0.4818
0.0989 -0.1726 0.5492 -0.4365 -0.3394 -0.2984 -1.4468 0.6197 -0.7804 -1.0098 -0.2044 -0.2059 -0.6290 -0.5713 0.3390 -0.3833 -1.1339 0.4283 -0.5835 0.3901 -0.6935 -0.3419 -0.1003 -0.6288 -0.3616 0.3831 1.7042 0.4237 0.3728 -0.0066 -0.6408 -0.7420 -0.6212 -0.1713 0.0787 0.1291 0.3289 0.0582 0.1048 -0.5822 0.6699 -0.4855
0.1010 -0.1718 0.5472 -0.4346 -0.3386 -0.2959 -1.4425 0.6198 -0.7782 -1.0049 -0.2033 -0.2051 -0.6247 -0.5699 0.3369 -0.3837 -1.1306 0.4272 -0.5798 0.3930 -0.6919 -0.3409 -0.0973 -0.6278 -0.3611 0.3840 1.6963 0.4206 0.3697 -0.0042 -0.6397 -0.7349 -0.6176 -0.1673 0.0774 0.1277 0.3283 0.0575 0.1040 -0.5779 0.6674 -0.4849
0.1172 -0.1609 0.5347 -0.4219 -0.3336 -0.2823 -1.4162 0.6236 -0.7648 -0.9756 -0.2002 -0.2016 -0.6037 -0.5670 0.3294 -0.3860 -1.1129 0.4211 -0.5622 0.4074 -0.6854 -0.3391 -0.0811 -0.6235 -0.3630 0.3889 1.6529 0.4045 0.3522 0.0038 -0.6344 -0.6982 -0.5966 -0.1484 0.0693 0.1235 0.3244 0.0539 0.1018 -0.5569 0.6540 -0.4801
0.1122 -0.1630 0.5395 -0.4263 -0.3355 -0.2878 -1.4261 0.6233 -0.7698 -0.9863 -0.2024 -0.2033 -0.6128 -0.5695 0.3338 -0.3856 -1.1204 0.4233 -0.5705 0.4017 -0.6889 -0.3409 -0.0878 -0.6250 -0.3639 0.3871 1.6706 0.4111 0.3587 -0.0015 -0.6366 -0.7132 -0.6041 -0.1573 0.0717 0.1261 0.3257 0.0557 0.1037 -0.5664 0.6596 -0.4817
0.0893 -0.1703 0.5601 -0.4481 -0.3441 -0.3149 -1.4716 0.6210 -0.7938 -1.0396 -0.2141 -0.2134 -0.6585 -0.5844 0.3571 -0.3801 -1.1553 0.4354 -0.6094 0.3692 -0.7062 -0.3515 -0.1192 -0.6365 -0.3696 0.3782 1.7557 0.4447 0.3927 -0.0259 -0.6481 -0.7884 -0.6429 -0.2002 0.0845 0.1426 0.3325 0.0649 0.1123 -0.6112 0.6866 -0.4887
0.1845 -0.1402 0.4799 -0.3716 -0.3118 -0.2120 -1.3096 0.6318 -0.7034 -0.8425 -0.1736 -0.1807 -0.4924 -0.5340 0.2802 -0.4007 -1.0254 0.3875 -0.4649 0.4817 -0.6529 -0.3138 -0.0004 -0.5950 -0.3550 0.4110 1.4478 0.3267 0.2728 0.0643 -0.6065 -0.5176 -0.5049 -0.0462 0.0332 0.0936 0.3089 0.0322 0.0725 -0.4444 0.5834 -0.4596
0.0916 -0.1744 0.5553 -0.4433 -0.3421 -0.3070 -1.4602 0.6187 -0.7879 -1.0266 -0.2081 -0.2092 -0.6432 -0.5761 0.3463 -0.3810 -1.1446 0.4323 -0.5953 0.3794 -0.6986 -0.3454 -0.1099 -0.6329 -0.3634 0.3804 1.7302 0.4341 0.3836 -0.0139 -0.6445 -0.7654 -0.6335 -0.1844 0.0830 0.1346 0.3310 0.0611 0.1077 -0.5958 0.6783 -0.4877
0.2155 -0.1417 0.4549 -0.3511 -0.3019 -0.1752 -1.2665 0.6331 -0.6744 -0.7801 -0.1570 -0.1693 -0.4346 -0.5116 0.2524 -0.4101 -0.9819 0.3689 -0.4132 0.5198 -0.6383 -0.2950 0.0401 -0.5770 -0.3463 0.4212 1.3504 0.2892 0.2360 0.1012 -0.5923 -0.4287 -0.4636 0.0071 0.0156 0.0764 0.3026 0.0200 0.0502 -0.3859 0.5464 -0.4498
