0.7002 0.0102 0.4678 0.3511 0.6907 0.6161 0.7057 0.7310 0.7570 0.7835 0.7473 0.8004 0.3140
0.4793 0.0036 0.2790 0.2131 0.4332 0.3608 0.3814 0.3877 0.4006 0.4139 0.3886 0.4196 0.1514
0.6780 0.1887 0.3249 0.3049 0.6468 0.5664 0.6342 0.6635 0.6855 0.6986 0.6814 0.7080 0.4684
0.7022 0.0787 0.1876 0.1813 0.6712 0.5931 0.6425 0.6546 0.6712 0.6864 0.6524 0.6905 0.3458
0.2387 0.0428 0.2032 0.1886 0.2005 0.1718 0.1735 0.1983 0.2432 0.2617 0.2587 0.2808 0.1619
0.3972 0.0029 0.2180 0.1359 0.3648 0.3182 0.3393 0.3568 0.3887 0.4081 0.3891 0.4236 0.1652
0.5295 0.0048 0.5023 0.4415 0.4983 0.4492 0.4933 0.5123 0.5337 0.5507 0.5329 0.5683 0.2678
0.1485 0.0029 0.2299 0.1378 0.1204 0.1091 0.1036 0.1575 0.2462 0.2794 0.2916 0.3165 0.1744
0.1518 0.0090 0.1706 0.1207 0.1167 0.0916 0.0851 0.1117 0.1601 0.1760 0.1708 0.1974 0.1304
0.5656 0.0037 0.4416 0.3605 0.5321 0.4717 0.5141 0.5357 0.5545 0.5727 0.5498 0.5841 0.2834
0.8139 0.0139 0.4911 0.3375 0.7980 0.7345 0.8005 0.8172 0.8341 0.8563 0.8236 0.8674 0.3899
0.5539 0.0883 0.1786 0.1666 0.5323 0.4892 0.5278 0.5453 0.5757 0.5931 0.5722 0.6038 0.3130
0.8338 0.0356 0.4059 0.2955 0.8105 0.7473 0.8007 0.7972 0.8103 0.8358 0.8023 0.8444 0.3478
0.1646 0.0013 0.1379 0.0936 0.1246 0.1043 0.0955 0.1145 0.1499 0.1659 0.1575 0.1784 0.0701
0.1413 0.0253 0.1590 0.0991 0.1201 0.1068 0.0941 0.1217 0.1979 0.2248 0.2246 0.2431 0.0927
0.9898 0.0855 0.7759 0.5880 1.0574 1.0501 1.1499 1.1688 1.1889 1.2061 1.2284 1.2222 0.7755
0.3757 0.0207 0.4443 0.3473 0.4356 0.4074 0.4070 0.4218 0.4737 0.4952 0.5402 0.5003 0.2516
0.1287 0.0180 0.1905 0.0978 0.1081 0.1096 0.0785 0.1282 0.3203 0.3898 0.3874 0.4207 0.1514
0.1339 0.0061 0.1791 0.0864 0.1072 0.1077 0.0729 0.1273 0.3472 0.4326 0.4192 0.4680 0.1217
0.1276 0.0012 0.1877 0.0785 0.0992 0.0981 0.0585 0.1161 0.3745 0.4837 0.4704 0.5313 0.1166
0.3610 0.0250 0.2585 0.2091 0.3376 0.3131 0.3139 0.3275 0.4214 0.4741 0.4529 0.4960 0.1569
0.1298 0.0085 0.1809 0.0840 0.1027 0.0990 0.0680 0.1178 0.3204 0.4046 0.3994 0.4440 0.1278
0.5874 0.0022 0.5654 0.4205 0.6022 0.5736 0.6017 0.6013 0.6648 0.7123 0.6844 0.7323 0.1940
0.1230 0.0012 0.1722 0.0753 0.0943 0.0860 0.0589 0.0977 0.2404 0.3048 0.3061 0.3454 0.0766
0.8975 0.0031 0.5492 0.3637 0.8970 0.8548 0.9031 0.8918 0.9075 0.9378 0.9071 0.9484 0.3482
0.1179 0.0014 0.3081 0.1784 0.1058 0.1082 0.1097 0.1589 0.2568 0.3040 0.3163 0.3517 0.1491
0.1486 0.0013 0.2992 0.1592 0.1281 0.1257 0.1325 0.1726 0.2721 0.3333 0.3398 0.3991 0.0799
0.7751 0.0103 0.5767 0.4288 0.7712 0.7288 0.7756 0.7880 0.8081 0.8337 0.8198 0.8446 0.4395
0.4003 0.0154 0.3575 0.2928 0.3381 0.3194 0.3287 0.3469 0.4083 0.4509 0.4164 0.4771 0.2264
0.9084 0.1625 0.1827 0.2086 0.8829 0.8347 0.8798 0.8866 0.8952 0.9140 0.8845 0.9134 0.5940
0.1845 0.0029 0.2181 0.1277 0.2196 0.1894 0.1737 0.1770 0.2240 0.2410 0.2935 0.2419 0.0732
0.1265 0.0016 0.2904 0.1606 0.1046 0.0998 0.0945 0.1255 0.2225 0.2661 0.2625 0.3055 0.0652
0.1463 0.0015 0.3360 0.1832 0.1232 0.1176 0.1181 0.1492 0.2499 0.3026 0.3028 0.3520 0.0712
0.1293 0.0014 0.3025 0.1757 0.1077 0.1005 0.1044 0.1307 0.2013 0.2404 0.2390 0.2794 0.0588
0.1733 0.0030 0.2018 0.1408 0.1502 0.1311 0.1225 0.1328 0.1801 0.2059 0.2054 0.2242 0.0615
0.1536 0.0088 0.1812 0.1198 0.1248 0.1086 0.1013 0.1191 0.1704 0.1939 0.1898 0.2138 0.0736
0.3040 0.0031 0.3544 0.2771 0.2827 0.2596 0.2632 0.2729 0.3207 0.3527 0.3455 0.3762 0.1043
0.1339 0.0011 0.2763 0.1697 0.1083 0.0954 0.0944 0.1142 0.1726 0.2043 0.1994 0.2348 0.0439
0.2084 0.0051 0.1752 0.1298 0.1796 0.1530 0.1429 0.1548 0.1967 0.2182 0.2181 0.2320 0.1032
0.1327 0.0015 0.2642 0.1537 0.1045 0.0920 0.0848 0.1110 0.1917 0.2264 0.2289 0.2614 0.0717
0.5694 0.0022 0.4036 0.3093 0.5440 0.4980 0.5182 0.5202 0.5339 0.5501 0.5249 0.5571 0.2219
0.2287 0.0027 0.1698 0.1143 0.1961 0.1635 0.1520 0.1617 0.2017 0.2231 0.2187 0.2396 0.0664
0.3473 0.0026 0.2754 0.1883 0.3260 0.2911 0.2935 0.3005 0.3302 0.3477 0.3375 0.3607 0.1302
0.3665 0.0101 0.2267 0.1701 0.3288 0.2922 0.3013 0.3076 0.3386 0.3614 0.3350 0.3769 0.1246
0.4424 0.0026 0.3956 0.3385 0.4137 0.3587 0.3807 0.3843 0.4077 0.4268 0.4081 0.4402 0.1343
0.5392 0.0022 0.4244 0.3117 0.5029 0.4531 0.4930 0.4889 0.5088 0.5349 0.4842 0.5513 0.1323
0.6495 0.0956 0.3668 0.2819 0.6300 0.5591 0.6022 0.6214 0.6308 0.6421 0.6465 0.6477 0.4463
0.2472 0.0051 0.1809 0.1628 0.1895 0.1453 0.1372 0.1494 0.1755 0.1882 0.1720 0.2020 0.1140
0.5108 0.0060 0.4243 0.3219 0.4936 0.4411 0.4846 0.5019 0.5192 0.5356 0.5201 0.5477 0.2585
0.1851 0.0014 0.1722 0.0894 0.1424 0.1096 0.0911 0.1226 0.2050 0.2380 0.2380 0.2696 0.0921
